0.18027132674177976 0.8197286732582202
0.1802713267417797 0.8197286732582202
0.18027132674177976 0.8197286732582203
0.18027132674177976 0.8197286732582202
0.18027132674177973 0.8197286732582202
0.7918153200419727 0.20818467995802728
0.7918153200419727 0.20818467995802728
0.7918153200419727 0.2081846799580273
0.7918153200419727 0.20818467995802728
0.7918153200419727 0.2081846799580273
0.7918153200419727 0.2081846799580273
0.7918153200419726 0.20818467995802728
0.7918153200419726 0.20818467995802728
0.7918153200419726 0.20818467995802728
0.7918153200419727 0.20818467995802725
0.18027132674177973 0.8197286732582203
0.18027132674177973 0.8197286732582202
0.18027132674177973 0.8197286732582203
0.18027132674177973 0.8197286732582203
0.7918153200419727 0.2081846799580273
0.7918153200419727 0.2081846799580273
0.7918153200419727 0.20818467995802728
0.18027132674177973 0.8197286732582202
0.7918153200419727 0.20818467995802728
0.7918153200419727 0.20818467995802728
0.7918153200419726 0.20818467995802725
0.7918153200419727 0.2081846799580273
0.7918153200419726 0.20818467995802725
0.7918153200419727 0.20818467995802728
0.7918153200419726 0.20818467995802728
0.7918153200419727 0.20818467995802722
0.18027132674177976 0.8197286732582203
0.1802713267417797 0.8197286732582202
0.7918153200419727 0.2081846799580273
0.7918153200419727 0.2081846799580273
0.7918153200419727 0.20818467995802728
0.7918153200419727 0.2081846799580273
0.7918153200419726 0.2081846799580273
0.7918153200419727 0.20818467995802728
0.18027132674177973 0.8197286732582202
0.18027132674177976 0.8197286732582203
0.18027132674177973 0.8197286732582202
0.7918153200419727 0.2081846799580273
0.7918153200419726 0.20818467995802722
0.18027132674177976 0.8197286732582202
0.1802713267417797 0.8197286732582202
0.18027132674177973 0.8197286732582203
0.18027132674177973 0.8197286732582203
0.18027132674177973 0.8197286732582203
0.18027132674177973 0.8197286732582203
0.1802713267417797 0.8197286732582203
0.7918153200419727 0.20818467995802722
0.18027132674177976 0.8197286732582202
0.7918153200419726 0.20818467995802728
0.7918153200419726 0.20818467995802728
0.7918153200419727 0.20818467995802722
0.18027132674177976 0.8197286732582203
0.7918153200419726 0.20818467995802728
0.7918153200419727 0.20818467995802725
0.18027132674177973 0.8197286732582203
0.7918153200419727 0.2081846799580273
0.7918153200419727 0.2081846799580273
0.7918153200419727 0.20818467995802722
0.18027132674177976 0.8197286732582203
0.7918153200419727 0.20818467995802728
0.7918153200419727 0.20818467995802728
0.7918153200419727 0.20818467995802728
0.7918153200419726 0.20818467995802728
0.7918153200419727 0.2081846799580273
0.7918153200419726 0.20818467995802728
0.18027132674177973 0.8197286732582203
0.18027132674177976 0.8197286732582203
0.18027132674177973 0.8197286732582202
0.18027132674177973 0.8197286732582203
0.18027132674177973 0.8197286732582203
0.18027132674177976 0.8197286732582203
0.18027132674177973 0.8197286732582202
0.1802713267417797 0.8197286732582203
0.18027132674177973 0.8197286732582203
0.1802713267417797 0.8197286732582203
0.7918153200419727 0.2081846799580273
0.7918153200419726 0.20818467995802728
0.7918153200419727 0.2081846799580273
0.7918153200419726 0.20818467995802728
0.7918153200419726 0.20818467995802725
0.18027132674177973 0.8197286732582202
0.1802713267417797 0.8197286732582202
0.18027132674177976 0.8197286732582203
0.1802713267417797 0.8197286732582202
0.18027132674177973 0.8197286732582203
0.18027132674177976 0.8197286732582203
0.18027132674177973 0.8197286732582202
0.18027132674177973 0.8197286732582202
0.18027132674177973 0.8197286732582203
0.18027132674177973 0.8197286732582203
0.7918153200419726 0.2081846799580273
0.7918153200419727 0.2081846799580273
0.7918153200419727 0.20818467995802728
0.18027132674177973 0.8197286732582203
0.1802713267417797 0.8197286732582203
0.18027132674177973 0.8197286732582203
0.18027132674177976 0.8197286732582203
0.18027132674177976 0.8197286732582203
0.18027132674177976 0.8197286732582202
0.18027132674177973 0.8197286732582202
0.18027132674177976 0.8197286732582203
0.18027132674177976 0.8197286732582202
0.18027132674177973 0.8197286732582202
0.18027132674177973 0.8197286732582202
0.7918153200419726 0.20818467995802725
0.1802713267417797 0.8197286732582203
0.18027132674177976 0.8197286732582203
0.18027132674177973 0.8197286732582202
0.7918153200419727 0.20818467995802728
0.7918153200419727 0.20818467995802728
0.7918153200419726 0.20818467995802728
0.7918153200419726 0.20818467995802725
0.7918153200419727 0.20818467995802728
0.7918153200419727 0.20818467995802725
0.18027132674177973 0.8197286732582203
0.18027132674177973 0.8197286732582203
0.1802713267417797 0.8197286732582203
0.18027132674177973 0.8197286732582203
0.7918153200419727 0.2081846799580273
0.7918153200419727 0.20818467995802728
0.7918153200419726 0.20818467995802728
0.7918153200419726 0.20818467995802728
0.7918153200419727 0.20818467995802728
0.7918153200419727 0.20818467995802728
0.7918153200419726 0.20818467995802728
0.7918153200419726 0.20818467995802728
0.7918153200419727 0.20818467995802728
0.1802713267417797 0.8197286732582203
0.18027132674177973 0.8197286732582203
0.1802713267417797 0.8197286732582203
0.7918153200419727 0.2081846799580273
0.7918153200419727 0.2081846799580273
0.7918153200419727 0.20818467995802728
0.18027132674177973 0.8197286732582203
0.18027132674177976 0.8197286732582203
0.1802713267417797 0.8197286732582202
0.7918153200419727 0.2081846799580273
0.7918153200419727 0.2081846799580273
0.7918153200419726 0.20818467995802728
0.7918153200419727 0.2081846799580273
0.7918153200419727 0.20818467995802728
0.7918153200419727 0.2081846799580273
0.7918153200419727 0.20818467995802725
0.18027132674177976 0.8197286732582203
0.7918153200419727 0.20818467995802728
0.18027132674177973 0.8197286732582203
0.18027132674177973 0.8197286732582203
0.18027132674177976 0.8197286732582203
0.1802713267417797 0.8197286732582202
0.18027132674177976 0.8197286732582203
0.18027132674177976 0.8197286732582202
0.1802713267417797 0.8197286732582202
0.1802713267417797 0.8197286732582203
0.18027132674177976 0.8197286732582203
0.1802713267417797 0.8197286732582202
0.1802713267417797 0.8197286732582203
0.18027132674177973 0.8197286732582203
0.7918153200419727 0.20818467995802728
0.7918153200419726 0.20818467995802728
0.7918153200419727 0.20818467995802728
0.7918153200419726 0.20818467995802725
0.7918153200419729 0.2081846799580273
0.7918153200419727 0.20818467995802728
0.7918153200419726 0.2081846799580273
0.7918153200419727 0.20818467995802728
0.7918153200419726 0.20818467995802728
0.7918153200419727 0.20818467995802728
0.18027132674177973 0.8197286732582203
0.18027132674177973 0.8197286732582203
0.18027132674177973 0.8197286732582203
0.18027132674177973 0.8197286732582203
0.1802713267417797 0.8197286732582202
0.18027132674177976 0.8197286732582203
0.18027132674177976 0.8197286732582202
0.18027132674177973 0.8197286732582202
0.1802713267417797 0.8197286732582202
0.1802713267417797 0.8197286732582203
0.7918153200419727 0.2081846799580273
0.7918153200419727 0.20818467995802728
0.7918153200419726 0.20818467995802728
0.7918153200419727 0.20818467995802728
0.7918153200419727 0.20818467995802728
0.18027132674177973 0.8197286732582203
0.18027132674177973 0.8197286732582203
0.18027132674177976 0.8197286732582203
0.7918153200419726 0.20818467995802725
0.7918153200419727 0.2081846799580273
0.7918153200419727 0.2081846799580273
0.7918153200419727 0.2081846799580273
0.7918153200419727 0.2081846799580273
0.7918153200419727 0.2081846799580273
0.7918153200419726 0.20818467995802728
0.7918153200419726 0.20818467995802728
0.7918153200419726 0.20818467995802728
0.7918153200419727 0.20818467995802728
0.1802713267417797 0.8197286732582202
0.18027132674177973 0.8197286732582203
0.18027132674177976 0.8197286732582202
0.7918153200419727 0.20818467995802728
0.18027132674177973 0.8197286732582202
0.18027132674177973 0.8197286732582203
0.18027132674177976 0.8197286732582203
0.18027132674177976 0.8197286732582202
0.18027132674177973 0.8197286732582202
0.18027132674177973 0.8197286732582202
0.18027132674177973 0.8197286732582203
0.18027132674177973 0.8197286732582203
0.18027132674177973 0.8197286732582203
0.18027132674177973 0.8197286732582203
0.1802713267417797 0.8197286732582203
0.18027132674177976 0.8197286732582203
0.7918153200419726 0.20818467995802728
0.7918153200419727 0.2081846799580273
0.7918153200419727 0.20818467995802728
0.7918153200419727 0.20818467995802728
0.7918153200419726 0.20818467995802728
0.7918153200419727 0.20818467995802728
0.7918153200419727 0.2081846799580273
0.18027132674177973 0.8197286732582203
0.18027132674177973 0.8197286732582203
0.18027132674177976 0.8197286732582203
0.18027132674177973 0.8197286732582203
0.18027132674177973 0.8197286732582202
0.18027132674177973 0.8197286732582202
0.18027132674177973 0.8197286732582203
0.18027132674177973 0.8197286732582203
0.18027132674177973 0.8197286732582203
0.18027132674177973 0.8197286732582202
0.18027132674177973 0.8197286732582202
0.18027132674177973 0.8197286732582203
0.7918153200419727 0.2081846799580273
0.7918153200419727 0.20818467995802725
0.1802713267417797 0.8197286732582203
0.18027132674177976 0.8197286732582203
0.18027132674177973 0.8197286732582202
0.1802713267417797 0.8197286732582203
0.7918153200419727 0.2081846799580273
0.7918153200419727 0.2081846799580273
0.7918153200419727 0.20818467995802734
0.7918153200419727 0.20818467995802728
0.7918153200419727 0.2081846799580273
0.7918153200419727 0.2081846799580273
0.7918153200419726 0.20818467995802728
0.7918153200419727 0.2081846799580273
0.7918153200419726 0.20818467995802728
0.7918153200419727 0.2081846799580273
0.7918153200419726 0.20818467995802728
0.7918153200419727 0.20818467995802728
0.7918153200419727 0.20818467995802728
0.7918153200419727 0.2081846799580273
0.7918153200419727 0.2081846799580273
0.7918153200419727 0.2081846799580273
0.7918153200419726 0.20818467995802728
0.7918153200419726 0.20818467995802728
0.7918153200419727 0.2081846799580273
0.7918153200419727 0.2081846799580273
0.7918153200419727 0.20818467995802728
0.7918153200419727 0.20818467995802725
0.18027132674177973 0.8197286732582203
0.7918153200419727 0.2081846799580273
0.7918153200419727 0.20818467995802728
0.7918153200419727 0.20818467995802728
0.1802713267417797 0.8197286732582203
0.18027132674177976 0.8197286732582203
0.7918153200419726 0.20818467995802728
0.7918153200419726 0.20818467995802728
0.7918153200419726 0.2081846799580273
0.7918153200419727 0.2081846799580273
0.7918153200419727 0.20818467995802728
0.7918153200419727 0.2081846799580273
0.7918153200419727 0.20818467995802728
0.7918153200419727 0.20818467995802728
0.7918153200419727 0.20818467995802728
0.7918153200419727 0.20818467995802728
0.7918153200419727 0.2081846799580273
0.7918153200419727 0.20818467995802728
0.7918153200419727 0.20818467995802728
0.7918153200419727 0.2081846799580273
0.7918153200419727 0.20818467995802725
0.18027132674177973 0.8197286732582203
0.7918153200419726 0.20818467995802728
0.7918153200419727 0.2081846799580273
0.7918153200419727 0.20818467995802728
0.7918153200419727 0.20818467995802725
0.18027132674177973 0.8197286732582203
0.18027132674177976 0.8197286732582203
0.18027132674177976 0.8197286732582202
0.18027132674177973 0.8197286732582202
0.7918153200419726 0.20818467995802728
0.7918153200419727 0.20818467995802725
0.1802713267417797 0.8197286732582203
0.1802713267417797 0.8197286732582203
0.7918153200419727 0.20818467995802722
0.18027132674177976 0.8197286732582203
0.18027132674177973 0.8197286732582202
0.18027132674177973 0.8197286732582202
0.18027132674177973 0.8197286732582203
0.1802713267417797 0.8197286732582203
0.18027132674177973 0.8197286732582203
0.18027132674177973 0.8197286732582203
0.18027132674177973 0.8197286732582203
0.18027132674177973 0.8197286732582203
0.1802713267417797 0.8197286732582203
0.18027132674177976 0.8197286732582203
0.18027132674177973 0.8197286732582203
0.7918153200419729 0.20818467995802722
0.18027132674177976 0.8197286732582203
0.18027132674177976 0.8197286732582202
0.18027132674177976 0.8197286732582202
0.18027132674177973 0.8197286732582202
0.18027132674177973 0.8197286732582202
0.18027132674177973 0.8197286732582203
0.18027132674177976 0.8197286732582203
0.1802713267417797 0.8197286732582202
0.1802713267417797 0.8197286732582203
0.1802713267417797 0.8197286732582203
0.18027132674177973 0.8197286732582203
0.7918153200419727 0.20818467995802728
0.7918153200419727 0.2081846799580273
0.7918153200419726 0.20818467995802728
0.7918153200419727 0.20818467995802725
0.18027132674177973 0.8197286732582202
0.18027132674177976 0.8197286732582203
0.7918153200419726 0.20818467995802728
0.7918153200419727 0.20818467995802728
0.7918153200419727 0.20818467995802728
0.7918153200419727 0.2081846799580273
0.7918153200419726 0.20818467995802728
0.7918153200419726 0.20818467995802725
0.7918153200419727 0.2081846799580273
0.7918153200419727 0.20818467995802728
0.7918153200419727 0.20818467995802728
0.7918153200419727 0.2081846799580273
0.7918153200419727 0.2081846799580273
0.7918153200419727 0.20818467995802728
0.1802713267417797 0.8197286732582203
0.18027132674177973 0.8197286732582203
0.18027132674177973 0.8197286732582202
0.7918153200419726 0.20818467995802728
0.7918153200419727 0.20818467995802728
0.7918153200419727 0.20818467995802728
0.7918153200419727 0.20818467995802722
0.18027132674177976 0.8197286732582203
0.18027132674177973 0.8197286732582202
0.7918153200419727 0.20818467995802725
0.18027132674177976 0.8197286732582202
0.7918153200419726 0.20818467995802728
0.7918153200419727 0.20818467995802725
0.18027132674177973 0.8197286732582203
0.18027132674177976 0.8197286732582203
0.7918153200419727 0.20818467995802728
0.7918153200419727 0.20818467995802728
0.7918153200419727 0.20818467995802728
0.7918153200419726 0.20818467995802728
0.7918153200419726 0.20818467995802728
0.7918153200419727 0.20818467995802728
0.7918153200419727 0.20818467995802728
0.7918153200419726 0.2081846799580273
0.7918153200419727 0.20818467995802728
0.7918153200419727 0.20818467995802728
0.7918153200419727 0.20818467995802728
0.7918153200419726 0.20818467995802728
0.7918153200419727 0.20818467995802728
0.7918153200419727 0.20818467995802728
0.1802713267417797 0.8197286732582203
0.18027132674177976 0.8197286732582203
0.18027132674177973 0.8197286732582202
0.18027132674177976 0.8197286732582203
0.1802713267417797 0.8197286732582202
0.1802713267417797 0.8197286732582203
0.18027132674177976 0.8197286732582203
0.7918153200419727 0.20818467995802728
0.7918153200419727 0.20818467995802728
0.7918153200419727 0.20818467995802728
0.1802713267417797 0.8197286732582203
0.18027132674177979 0.8197286732582203
0.7918153200419727 0.20818467995802725
0.7918153200419727 0.20818467995802728
0.7918153200419729 0.20818467995802722
0.18027132674177976 0.8197286732582203
0.7918153200419726 0.20818467995802728
0.7918153200419727 0.20818467995802728
0.7918153200419727 0.20818467995802728
0.7918153200419726 0.20818467995802728
0.7918153200419727 0.20818467995802728
0.7918153200419726 0.20818467995802728
0.7918153200419727 0.20818467995802722
0.18027132674177976 0.8197286732582203
0.1802713267417797 0.8197286732582203
0.18027132674177976 0.8197286732582203
0.18027132674177973 0.8197286732582202
0.18027132674177973 0.8197286732582203
0.7918153200419727 0.2081846799580273
0.7918153200419727 0.2081846799580273
0.7918153200419727 0.20818467995802722
0.18027132674177976 0.8197286732582202
0.7918153200419727 0.20818467995802728
0.7918153200419727 0.2081846799580273
0.7918153200419727 0.20818467995802728
0.18027132674177973 0.8197286732582203
0.18027132674177976 0.8197286732582203
0.7918153200419727 0.20818467995802728
0.7918153200419727 0.20818467995802728
0.7918153200419727 0.2081846799580273
0.7918153200419727 0.20818467995802728
0.18027132674177973 0.8197286732582203
0.1802713267417797 0.8197286732582203
0.18027132674177973 0.8197286732582203
0.18027132674177976 0.8197286732582202
0.18027132674177973 0.8197286732582202
0.18027132674177973 0.8197286732582203
0.7918153200419726 0.20818467995802728
0.7918153200419726 0.20818467995802728
0.7918153200419726 0.20818467995802728
0.7918153200419727 0.20818467995802722
0.18027132674177976 0.8197286732582203
0.18027132674177976 0.8197286732582203
0.7918153200419727 0.20818467995802728
0.7918153200419726 0.20818467995802728
0.7918153200419726 0.20818467995802728
0.7918153200419726 0.20818467995802728
0.7918153200419726 0.20818467995802728
0.7918153200419727 0.20818467995802728
0.7918153200419727 0.2081846799580273
0.7918153200419727 0.20818467995802728
0.7918153200419727 0.2081846799580273
0.7918153200419727 0.20818467995802728
0.7918153200419727 0.20818467995802728
0.7918153200419726 0.20818467995802728
0.7918153200419726 0.20818467995802728
0.7918153200419727 0.20818467995802725
0.7918153200419727 0.20818467995802728
0.7918153200419727 0.20818467995802725
0.18027132674177973 0.8197286732582203
0.18027132674177973 0.8197286732582203
0.1802713267417797 0.8197286732582203
0.18027132674177976 0.8197286732582203
0.1802713267417797 0.8197286732582203
0.7918153200419727 0.2081846799580273
0.7918153200419727 0.20818467995802728
0.7918153200419726 0.20818467995802728
0.7918153200419726 0.20818467995802728
0.7918153200419726 0.20818467995802728
0.7918153200419726 0.20818467995802728
0.7918153200419727 0.2081846799580273
0.7918153200419727 0.20818467995802728
0.18027132674177973 0.8197286732582203
0.7918153200419726 0.20818467995802728
0.7918153200419727 0.20818467995802722
0.7918153200419729 0.20818467995802725
0.18027132674177976 0.8197286732582203
0.18027132674177973 0.8197286732582203
0.18027132674177979 0.8197286732582203
0.18027132674177976 0.8197286732582202
0.18027132674177973 0.8197286732582202
0.18027132674177973 0.8197286732582203
0.18027132674177973 0.8197286732582203
0.18027132674177973 0.8197286732582203
0.18027132674177973 0.8197286732582203
0.7918153200419727 0.2081846799580273
0.7918153200419727 0.2081846799580273
0.7918153200419726 0.20818467995802728
0.7918153200419727 0.2081846799580273
0.7918153200419727 0.20818467995802728
0.7918153200419727 0.2081846799580273
0.7918153200419726 0.20818467995802728
0.7918153200419727 0.20818467995802728
0.7918153200419727 0.20818467995802728
0.18027132674177973 0.8197286732582203
0.1802713267417797 0.8197286732582203
0.18027132674177976 0.8197286732582203
0.7918153200419726 0.20818467995802728
0.7918153200419727 0.20818467995802728
0.7918153200419727 0.20818467995802725
0.7918153200419729 0.20818467995802728
0.7918153200419729 0.20818467995802725
0.18027132674177976 0.8197286732582202
0.18027132674177973 0.8197286732582202
0.18027132674177976 0.8197286732582202
0.7918153200419729 0.20818467995802728
0.18027132674177973 0.8197286732582202
0.18027132674177976 0.8197286732582203
0.7918153200419726 0.20818467995802728
0.7918153200419727 0.20818467995802728
0.7918153200419727 0.20818467995802728
0.7918153200419726 0.20818467995802728
0.7918153200419727 0.2081846799580273
0.7918153200419726 0.2081846799580273
0.7918153200419727 0.2081846799580273
0.7918153200419726 0.20818467995802725
0.7918153200419726 0.20818467995802728
0.7918153200419727 0.2081846799580273
0.7918153200419727 0.2081846799580273
0.7918153200419726 0.20818467995802728
0.7918153200419726 0.20818467995802728
0.7918153200419727 0.2081846799580273
0.7918153200419726 0.20818467995802728
0.7918153200419727 0.20818467995802725
0.18027132674177973 0.8197286732582203
0.7918153200419727 0.20818467995802728
0.7918153200419726 0.20818467995802728
0.7918153200419727 0.20818467995802728
0.7918153200419726 0.2081846799580273
0.7918153200419727 0.20818467995802728
0.7918153200419726 0.20818467995802725
0.18027132674177973 0.8197286732582203
0.18027132674177973 0.8197286732582203
0.1802713267417797 0.8197286732582203
0.18027132674177976 0.8197286732582203
0.18027132674177976 0.8197286732582202
0.7918153200419727 0.20818467995802728
0.1802713267417797 0.8197286732582203
0.18027132674177973 0.8197286732582203
0.18027132674177973 0.8197286732582202
0.18027132674177973 0.8197286732582203
0.18027132674177973 0.8197286732582203
0.1802713267417797 0.8197286732582203
0.1802713267417797 0.8197286732582203
0.18027132674177973 0.8197286732582203
0.1802713267417797 0.8197286732582203
0.18027132674177973 0.8197286732582203
0.18027132674177973 0.8197286732582203
0.18027132674177973 0.8197286732582203
0.1802713267417797 0.8197286732582203
0.18027132674177976 0.8197286732582203
0.18027132674177976 0.8197286732582203
0.18027132674177973 0.8197286732582202
0.7918153200419727 0.2081846799580273
0.7918153200419727 0.2081846799580273
0.7918153200419727 0.20818467995802728
0.7918153200419726 0.20818467995802728
0.7918153200419727 0.20818467995802728
0.18027132674177973 0.8197286732582203
0.18027132674177973 0.8197286732582203
0.18027132674177973 0.8197286732582203
0.1802713267417797 0.8197286732582203
0.18027132674177973 0.8197286732582203
0.1802713267417797 0.8197286732582203
0.18027132674177973 0.8197286732582203
0.7918153200419727 0.2081846799580273
0.7918153200419727 0.20818467995802728
0.7918153200419727 0.20818467995802728
0.7918153200419727 0.20818467995802728
0.7918153200419727 0.20818467995802728
0.18027132674177973 0.8197286732582203
0.1802713267417797 0.8197286732582203
0.7918153200419727 0.2081846799580273
0.7918153200419727 0.20818467995802728
0.7918153200419727 0.2081846799580273
0.7918153200419727 0.20818467995802728
0.7918153200419727 0.20818467995802728
0.18027132674177973 0.8197286732582202
0.18027132674177973 0.8197286732582202
0.1802713267417797 0.8197286732582203
0.18027132674177973 0.8197286732582203
0.18027132674177976 0.8197286732582203
0.18027132674177973 0.8197286732582203
0.1802713267417797 0.8197286732582203
0.18027132674177976 0.8197286732582203
0.18027132674177973 0.8197286732582202
0.7918153200419729 0.20818467995802725
0.18027132674177976 0.8197286732582202
0.18027132674177973 0.8197286732582202
0.18027132674177979 0.8197286732582203
0.1802713267417797 0.8197286732582202
0.18027132674177973 0.8197286732582203
0.18027132674177973 0.8197286732582203
0.18027132674177973 0.8197286732582203
0.1802713267417797 0.8197286732582203
0.18027132674177976 0.8197286732582203
0.18027132674177973 0.8197286732582202
0.18027132674177973 0.8197286732582202
0.18027132674177976 0.8197286732582202
0.18027132674177976 0.8197286732582202
0.18027132674177973 0.8197286732582202
0.1802713267417797 0.8197286732582203
0.7918153200419727 0.2081846799580273
0.7918153200419727 0.20818467995802728
0.7918153200419727 0.2081846799580273
0.7918153200419727 0.20818467995802728
0.18027132674177973 0.8197286732582202
0.18027132674177976 0.8197286732582202
0.7918153200419727 0.20818467995802728
0.7918153200419727 0.2081846799580273
0.7918153200419727 0.2081846799580273
0.7918153200419727 0.20818467995802728
0.7918153200419726 0.20818467995802728
0.7918153200419726 0.20818467995802728
0.7918153200419726 0.2081846799580273
0.7918153200419727 0.2081846799580273
0.7918153200419726 0.20818467995802728
0.7918153200419727 0.20818467995802728
0.7918153200419726 0.20818467995802728
0.7918153200419727 0.20818467995802728
0.7918153200419727 0.2081846799580273
0.7918153200419727 0.20818467995802728
0.7918153200419727 0.20818467995802728
0.7918153200419727 0.2081846799580273
0.7918153200419727 0.20818467995802725
0.18027132674177973 0.8197286732582203
0.18027132674177973 0.8197286732582203
0.7918153200419727 0.20818467995802728
0.7918153200419726 0.20818467995802725
0.7918153200419727 0.20818467995802728
0.18027132674177973 0.8197286732582202
0.1802713267417797 0.8197286732582202
0.18027132674177976 0.8197286732582203
0.18027132674177976 0.8197286732582202
0.7918153200419726 0.20818467995802728
0.7918153200419726 0.20818467995802728
0.7918153200419727 0.20818467995802725
0.18027132674177973 0.8197286732582202
0.18027132674177973 0.8197286732582203
0.1802713267417797 0.8197286732582202
0.18027132674177976 0.8197286732582203
0.7918153200419727 0.20818467995802728
0.7918153200419727 0.2081846799580273
0.7918153200419726 0.20818467995802728
0.7918153200419727 0.20818467995802728
0.7918153200419727 0.20818467995802728
0.7918153200419726 0.20818467995802725
0.18027132674177973 0.8197286732582203
0.1802713267417797 0.8197286732582203
0.18027132674177973 0.8197286732582203
0.18027132674177973 0.8197286732582203
0.18027132674177976 0.8197286732582203
0.18027132674177973 0.8197286732582202
0.7918153200419727 0.20818467995802728
0.7918153200419727 0.20818467995802728
0.7918153200419727 0.20818467995802728
0.7918153200419726 0.20818467995802728
0.7918153200419727 0.2081846799580273
0.7918153200419727 0.2081846799580273
0.7918153200419727 0.2081846799580273
0.7918153200419726 0.20818467995802728
0.7918153200419727 0.2081846799580273
0.7918153200419727 0.2081846799580273
0.7918153200419727 0.2081846799580273
0.7918153200419727 0.20818467995802725
0.7918153200419727 0.2081846799580273
0.7918153200419727 0.2081846799580273
0.7918153200419726 0.20818467995802725
0.7918153200419727 0.2081846799580273
0.7918153200419727 0.20818467995802725
0.7918153200419729 0.20818467995802728
0.18027132674177973 0.8197286732582203
0.1802713267417797 0.8197286732582203
0.18027132674177973 0.8197286732582203
0.18027132674177973 0.8197286732582203
0.7918153200419727 0.20818467995802722
0.18027132674177976 0.8197286732582202
0.18027132674177973 0.8197286732582202
0.7918153200419727 0.20818467995802728
0.7918153200419727 0.20818467995802728
0.7918153200419727 0.20818467995802728
0.7918153200419729 0.20818467995802728
0.1802713267417797 0.8197286732582202
0.18027132674177976 0.8197286732582203
0.18027132674177973 0.8197286732582202
0.1802713267417797 0.8197286732582202
0.18027132674177976 0.8197286732582203
0.18027132674177976 0.8197286732582202
0.18027132674177973 0.8197286732582202
0.18027132674177973 0.8197286732582203
0.18027132674177973 0.8197286732582203
0.18027132674177973 0.8197286732582203
0.18027132674177976 0.8197286732582203
0.7918153200419726 0.20818467995802728
0.7918153200419726 0.20818467995802725
0.1802713267417797 0.8197286732582203
0.1802713267417797 0.8197286732582203
0.18027132674177973 0.8197286732582203
0.7918153200419727 0.2081846799580273
0.7918153200419727 0.20818467995802728
0.1802713267417797 0.8197286732582203
0.18027132674177973 0.8197286732582203
0.7918153200419727 0.20818467995802728
0.7918153200419727 0.20818467995802725
0.18027132674177973 0.8197286732582203
0.18027132674177973 0.8197286732582202
0.18027132674177976 0.8197286732582202
0.18027132674177973 0.8197286732582202
0.18027132674177973 0.8197286732582203
0.7918153200419727 0.20818467995802728
0.7918153200419726 0.20818467995802728
0.7918153200419727 0.20818467995802728
0.7918153200419727 0.2081846799580273
0.7918153200419727 0.2081846799580273
0.7918153200419726 0.2081846799580273
0.7918153200419726 0.20818467995802728
0.7918153200419726 0.20818467995802728
0.7918153200419727 0.20818467995802722
0.18027132674177976 0.8197286732582203
0.18027132674177973 0.8197286732582203
0.18027132674177973 0.8197286732582203
0.1802713267417797 0.8197286732582203
0.18027132674177973 0.8197286732582203
0.7918153200419727 0.2081846799580273
0.7918153200419726 0.20818467995802725
0.7918153200419727 0.20818467995802728
0.7918153200419727 0.20818467995802728
0.7918153200419726 0.20818467995802728
0.7918153200419727 0.2081846799580273
0.7918153200419727 0.2081846799580273
0.7918153200419727 0.2081846799580273
0.7918153200419727 0.20818467995802725
0.1802713267417797 0.8197286732582203
0.7918153200419727 0.2081846799580273
0.7918153200419727 0.2081846799580273
0.7918153200419727 0.2081846799580273
0.7918153200419726 0.20818467995802725
0.7918153200419727 0.2081846799580273
0.7918153200419726 0.20818467995802725
0.7918153200419726 0.20818467995802728
0.7918153200419727 0.2081846799580273
0.7918153200419727 0.20818467995802725
0.18027132674177976 0.8197286732582202
0.18027132674177976 0.8197286732582202
0.7918153200419727 0.20818467995802728
0.18027132674177973 0.8197286732582202
0.7918153200419727 0.20818467995802728
0.7918153200419726 0.20818467995802728
0.7918153200419727 0.20818467995802728
0.7918153200419726 0.20818467995802728
0.7918153200419727 0.2081846799580273
0.7918153200419726 0.20818467995802725
0.7918153200419727 0.2081846799580273
0.7918153200419727 0.20818467995802728
0.18027132674177973 0.8197286732582202
0.18027132674177973 0.8197286732582203
0.18027132674177976 0.8197286732582203
0.7918153200419726 0.20818467995802728
0.7918153200419726 0.20818467995802728
0.7918153200419727 0.2081846799580273
0.7918153200419727 0.2081846799580273
0.7918153200419726 0.20818467995802728
0.7918153200419726 0.20818467995802728
0.7918153200419727 0.20818467995802728
0.7918153200419726 0.20818467995802728
0.7918153200419726 0.20818467995802728
0.7918153200419726 0.20818467995802728
0.7918153200419727 0.2081846799580273
0.7918153200419726 0.20818467995802728
0.7918153200419727 0.2081846799580273
0.7918153200419727 0.2081846799580273
0.7918153200419727 0.20818467995802728
0.7918153200419727 0.20818467995802722
0.18027132674177976 0.8197286732582203
0.7918153200419726 0.20818467995802728
0.7918153200419727 0.20818467995802725
0.1802713267417797 0.8197286732582203
0.7918153200419727 0.20818467995802722
0.18027132674177976 0.8197286732582203
0.18027132674177973 0.8197286732582203
0.18027132674177973 0.8197286732582203
0.7918153200419727 0.2081846799580273
0.7918153200419727 0.2081846799580273
0.7918153200419727 0.20818467995802725
0.18027132674177976 0.8197286732582202
0.18027132674177973 0.8197286732582202
0.18027132674177976 0.8197286732582203
0.1802713267417797 0.8197286732582202
0.18027132674177976 0.8197286732582203
0.18027132674177973 0.8197286732582202
0.18027132674177976 0.8197286732582203
0.1802713267417797 0.8197286732582203
0.7918153200419727 0.2081846799580273
0.7918153200419727 0.20818467995802728
0.1802713267417797 0.8197286732582203
0.18027132674177976 0.8197286732582203
0.7918153200419726 0.20818467995802728
0.7918153200419726 0.20818467995802728
0.7918153200419726 0.20818467995802728
0.7918153200419727 0.20818467995802728
0.7918153200419726 0.20818467995802728
0.7918153200419727 0.20818467995802728
0.7918153200419726 0.20818467995802728
0.7918153200419727 0.20818467995802728
0.7918153200419727 0.20818467995802728
0.18027132674177973 0.8197286732582203
0.18027132674177973 0.8197286732582203
0.7918153200419727 0.2081846799580273
0.7918153200419727 0.20818467995802722
0.18027132674177976 0.8197286732582203
0.18027132674177976 0.8197286732582202
0.7918153200419727 0.20818467995802728
0.7918153200419727 0.2081846799580273
0.7918153200419727 0.20818467995802728
0.7918153200419726 0.20818467995802725
0.7918153200419726 0.20818467995802728
0.7918153200419726 0.20818467995802728
0.7918153200419726 0.20818467995802728
0.1802713267417797 0.8197286732582202
0.18027132674177973 0.8197286732582203
0.18027132674177973 0.8197286732582203
0.7918153200419727 0.2081846799580273
0.7918153200419726 0.20818467995802728
0.7918153200419727 0.20818467995802728
0.7918153200419727 0.20818467995802728
0.7918153200419727 0.20818467995802728
0.7918153200419726 0.20818467995802728
0.7918153200419727 0.2081846799580273
0.7918153200419727 0.20818467995802728
0.7918153200419727 0.2081846799580273
0.7918153200419727 0.20818467995802728
0.7918153200419727 0.20818467995802728
0.7918153200419727 0.20818467995802728
0.7918153200419726 0.20818467995802725
0.7918153200419726 0.20818467995802725
0.7918153200419726 0.20818467995802728
0.7918153200419727 0.20818467995802725
0.18027132674177976 0.8197286732582202
0.18027132674177973 0.8197286732582202
0.18027132674177973 0.8197286732582202
0.18027132674177976 0.8197286732582203
0.18027132674177976 0.8197286732582203
0.18027132674177973 0.8197286732582203
0.18027132674177973 0.8197286732582203
0.1802713267417797 0.8197286732582203
0.7918153200419727 0.2081846799580273
0.7918153200419726 0.20818467995802728
0.7918153200419727 0.20818467995802728
0.7918153200419726 0.20818467995802728
0.7918153200419726 0.20818467995802728
0.7918153200419727 0.20818467995802725
0.18027132674177973 0.8197286732582202
0.1802713267417797 0.8197286732582202
0.18027132674177973 0.8197286732582203
0.1802713267417797 0.8197286732582203
0.7918153200419727 0.2081846799580273
0.7918153200419727 0.2081846799580273
0.7918153200419727 0.20818467995802728
0.7918153200419726 0.20818467995802728
0.7918153200419727 0.20818467995802728
0.7918153200419726 0.20818467995802728
0.7918153200419726 0.20818467995802728
0.7918153200419726 0.2081846799580273
0.7918153200419726 0.20818467995802728
0.7918153200419727 0.20818467995802728
0.7918153200419727 0.2081846799580273
0.7918153200419727 0.20818467995802728
0.7918153200419727 0.20818467995802722
0.18027132674177976 0.8197286732582202
0.18027132674177973 0.8197286732582202
0.18027132674177973 0.8197286732582202
0.1802713267417797 0.8197286732582203
0.18027132674177976 0.8197286732582203
0.18027132674177973 0.8197286732582202
0.18027132674177973 0.8197286732582202
0.18027132674177973 0.8197286732582203
0.18027132674177973 0.8197286732582203
0.18027132674177973 0.8197286732582203
0.18027132674177973 0.8197286732582203
0.18027132674177973 0.8197286732582203
0.18027132674177976 0.8197286732582203
0.18027132674177976 0.8197286732582203
0.18027132674177976 0.8197286732582202
0.18027132674177976 0.8197286732582202
0.18027132674177976 0.8197286732582202
0.7918153200419726 0.20818467995802728
0.7918153200419726 0.2081846799580273
0.7918153200419726 0.20818467995802728
0.7918153200419727 0.20818467995802728
0.7918153200419727 0.20818467995802728
0.18027132674177973 0.8197286732582202
0.18027132674177976 0.8197286732582203
0.18027132674177973 0.8197286732582202
0.1802713267417797 0.8197286732582202
0.18027132674177979 0.8197286732582203
0.18027132674177973 0.8197286732582202
0.18027132674177973 0.8197286732582202
0.1802713267417797 0.8197286732582202
0.1802713267417797 0.8197286732582203
0.18027132674177973 0.8197286732582203
0.18027132674177973 0.8197286732582203
0.18027132674177973 0.8197286732582203
0.18027132674177976 0.8197286732582202
0.7918153200419726 0.20818467995802728
0.7918153200419726 0.20818467995802728
0.7918153200419727 0.20818467995802728
0.7918153200419726 0.20818467995802728
0.7918153200419727 0.20818467995802728
0.7918153200419727 0.20818467995802728
0.7918153200419727 0.20818467995802725
0.18027132674177973 0.8197286732582202
0.18027132674177973 0.8197286732582202
0.18027132674177976 0.8197286732582202
0.1802713267417797 0.8197286732582202
0.18027132674177973 0.8197286732582203
0.7918153200419727 0.20818467995802728
0.7918153200419726 0.20818467995802725
0.18027132674177973 0.8197286732582203
0.7918153200419727 0.2081846799580273
0.7918153200419726 0.20818467995802725
0.7918153200419727 0.20818467995802728
0.7918153200419727 0.20818467995802728
0.7918153200419727 0.2081846799580273
0.7918153200419727 0.20818467995802728
0.18027132674177973 0.8197286732582202
0.7918153200419727 0.20818467995802728
0.7918153200419727 0.2081846799580273
0.7918153200419726 0.20818467995802728
0.7918153200419727 0.20818467995802728
0.7918153200419727 0.2081846799580273
0.7918153200419727 0.2081846799580273
0.7918153200419726 0.20818467995802722
0.7918153200419729 0.20818467995802725
0.7918153200419729 0.2081846799580273
0.7918153200419726 0.20818467995802725
0.18027132674177973 0.8197286732582202
0.18027132674177976 0.8197286732582203
0.18027132674177973 0.8197286732582203
0.18027132674177973 0.8197286732582202
0.18027132674177979 0.8197286732582203
0.7918153200419726 0.20818467995802728
0.7918153200419727 0.20818467995802728
0.7918153200419727 0.2081846799580273
0.7918153200419726 0.20818467995802725
0.7918153200419727 0.20818467995802725
0.1802713267417797 0.8197286732582203
0.18027132674177976 0.8197286732582203
0.18027132674177973 0.8197286732582202
0.1802713267417797 0.8197286732582203
0.18027132674177973 0.8197286732582203
0.18027132674177973 0.8197286732582203
0.18027132674177976 0.8197286732582203
0.7918153200419726 0.20818467995802728
0.7918153200419727 0.2081846799580273
0.7918153200419726 0.20818467995802728
0.7918153200419726 0.20818467995802728
0.7918153200419727 0.2081846799580273
0.7918153200419727 0.2081846799580273
0.7918153200419727 0.2081846799580273
0.7918153200419727 0.2081846799580273
0.7918153200419727 0.20818467995802728
0.7918153200419727 0.20818467995802728
0.7918153200419727 0.20818467995802728
0.7918153200419727 0.20818467995802728
0.7918153200419727 0.2081846799580273
0.7918153200419726 0.20818467995802728
0.7918153200419727 0.2081846799580273
0.7918153200419726 0.20818467995802728
0.7918153200419726 0.20818467995802728
0.7918153200419726 0.20818467995802728
0.7918153200419727 0.20818467995802725
0.1802713267417797 0.8197286732582203
0.18027132674177973 0.8197286732582203
0.18027132674177976 0.8197286732582203
0.18027132674177976 0.8197286732582203
0.7918153200419727 0.20818467995802728
0.18027132674177973 0.8197286732582203
0.18027132674177979 0.8197286732582203
0.18027132674177976 0.8197286732582202
0.18027132674177973 0.8197286732582202
0.18027132674177976 0.8197286732582203
0.7918153200419726 0.20818467995802728
0.7918153200419727 0.2081846799580273
0.7918153200419727 0.20818467995802728
0.7918153200419727 0.20818467995802728
0.7918153200419727 0.2081846799580273
0.7918153200419727 0.20818467995802728
0.7918153200419727 0.2081846799580273
0.7918153200419727 0.2081846799580273
0.7918153200419726 0.20818467995802728
0.7918153200419726 0.20818467995802728
0.7918153200419726 0.20818467995802728
0.7918153200419726 0.20818467995802725
0.1802713267417797 0.8197286732582203
0.18027132674177973 0.8197286732582203
0.18027132674177976 0.8197286732582203
0.18027132674177973 0.8197286732582202
0.18027132674177976 0.8197286732582203
0.18027132674177973 0.8197286732582202
0.1802713267417797 0.8197286732582203
0.18027132674177973 0.8197286732582203
0.18027132674177973 0.8197286732582203
0.18027132674177976 0.8197286732582203
0.7918153200419727 0.20818467995802728
0.7918153200419727 0.2081846799580273
0.7918153200419726 0.20818467995802728
0.7918153200419727 0.2081846799580273
0.7918153200419727 0.20818467995802728
0.18027132674177979 0.8197286732582203
0.18027132674177973 0.8197286732582202
0.18027132674177973 0.8197286732582203
0.7918153200419726 0.20818467995802722
0.18027132674177976 0.8197286732582202
0.18027132674177973 0.8197286732582202
0.18027132674177973 0.8197286732582203
0.7918153200419727 0.2081846799580273
0.7918153200419727 0.20818467995802728
0.7918153200419726 0.20818467995802728
0.18027132674177973 0.8197286732582203
0.18027132674177973 0.8197286732582203
0.5 0.5
