2.499999999999999445e-01 7.500000000000000000e-01
2.499999999999999445e-01 7.500000000000000000e-01
2.499999999999999445e-01 7.500000000000000000e-01
2.499999999999999445e-01 7.500000000000000000e-01
2.500000000000000000e-01 7.500000000000000000e-01
7.753379741753750887e-01 2.246620258246248003e-01
8.639478585112146947e-01 1.360521414887853331e-01
7.546520679537156440e-01 2.453479320462842728e-01
4.522695250724140248e-01 5.477304749275860862e-01
5.979389629549740626e-01 4.020610370450258819e-01
8.412907166356872191e-01 1.587092833643126977e-01
5.151144532422357036e-01 4.848855467577643519e-01
8.268871307319310970e-01 1.731128692680688475e-01
8.638875358003349492e-01 1.361124641996650508e-01
8.334497571263183024e-01 1.665502428736816698e-01
2.499999999999999445e-01 7.500000000000001110e-01
2.499999999999999445e-01 7.500000000000000000e-01
2.500000000000000000e-01 7.500000000000000000e-01
2.500000000000000000e-01 7.500000000000001110e-01
4.543850032426648977e-01 5.456149967573350468e-01
2.657060369024507041e-01 7.342939630975493515e-01
6.589596795305783239e-01 3.410403204694216761e-01
2.499999999999999445e-01 7.500000000000000000e-01
7.616867925793304739e-01 2.383132074206694984e-01
2.634636057430891909e-01 7.365363942569108646e-01
2.608460605084880757e-01 7.391539394915119798e-01
2.627434978372049645e-01 7.372565021627950355e-01
7.441531036580673053e-01 2.558468963419327502e-01
2.634599939416605308e-01 7.365400060583394692e-01
2.697923034367809558e-01 7.302076965632190442e-01
3.826672894668647906e-01 6.173327105331352094e-01
2.499999999999999445e-01 7.500000000000000000e-01
2.499999999999999722e-01 7.500000000000000000e-01
8.509535709663562653e-01 1.490464290336437070e-01
3.480529756237113470e-01 6.519470243762887085e-01
5.267629103932859325e-01 4.732370896067140120e-01
7.258265881383206830e-01 2.741734118616794280e-01
2.780938002110872054e-01 7.219061997889126836e-01
8.148258294715359229e-01 1.851741705284640216e-01
2.500000000000000000e-01 7.500000000000000000e-01
2.500000000000000000e-01 7.500000000000000000e-01
2.500000000000000000e-01 7.500000000000001110e-01
2.538690275438937327e-01 7.461309724561062673e-01
2.558321834063463918e-01 7.441678165936536082e-01
2.499999999999999445e-01 7.500000000000000000e-01
2.499999999999999445e-01 7.500000000000000000e-01
2.500000000000000000e-01 7.500000000000000000e-01
2.500000000000000000e-01 7.500000000000001110e-01
2.499999999999999445e-01 7.500000000000000000e-01
2.500000000000000000e-01 7.500000000000000000e-01
2.500000000000000000e-01 7.500000000000000000e-01
5.297806329999331654e-01 4.702193670000668346e-01
2.500000000000000000e-01 7.500000000000000000e-01
7.263952252024696854e-01 2.736047747975303701e-01
5.670034287185794497e-01 4.329965712814205503e-01
3.095656434263994172e-01 6.904343565736005273e-01
2.499999999999999722e-01 7.500000000000000000e-01
6.925257519610564794e-01 3.074742480389434096e-01
3.619964825617947302e-01 6.380035174382053809e-01
2.500000000000000000e-01 7.500000000000001110e-01
2.589998060853272444e-01 7.410001939146727556e-01
3.950468865296894450e-01 6.049531134703105550e-01
7.901260234924220027e-01 2.098739765075779140e-01
2.499999999999999167e-01 7.500000000000000000e-01
6.917317338175531516e-01 3.082682661824468484e-01
8.387092662114867814e-01 1.612907337885133019e-01
3.055840904530819357e-01 6.944159095469180087e-01
4.849892150397472346e-01 5.150107849602527654e-01
8.219270149320442309e-01 1.780729850679558801e-01
5.168579412628366843e-01 4.831420587371632602e-01
2.500000000000000000e-01 7.500000000000001110e-01
2.500000000000000000e-01 7.500000000000001110e-01
2.499999999999999445e-01 7.500000000000000000e-01
2.500000000000000000e-01 7.500000000000001110e-01
2.499999999999999445e-01 7.500000000000000000e-01
2.499999999999999445e-01 7.500000000000000000e-01
2.500000000000000000e-01 7.500000000000001110e-01
2.500000000000000000e-01 7.500000000000000000e-01
2.500000000000000000e-01 7.500000000000001110e-01
2.500000000000000000e-01 7.500000000000001110e-01
4.207559433415269945e-01 5.792440566584730055e-01
3.919942757967004865e-01 6.080057242032995690e-01
6.912685076494921033e-01 3.087314923505079522e-01
4.721038656365824648e-01 5.278961343634175352e-01
2.688856670085029710e-01 7.311143329914970845e-01
2.499999999999999445e-01 7.500000000000000000e-01
2.500000000000000000e-01 7.500000000000000000e-01
2.500000000000000000e-01 7.500000000000001110e-01
2.500000000000000000e-01 7.500000000000001110e-01
2.500000000000000000e-01 7.500000000000000000e-01
2.500000000000000000e-01 7.500000000000001110e-01
2.499999999999999722e-01 7.500000000000000000e-01
2.500000000000000000e-01 7.500000000000000000e-01
2.500000000000000000e-01 7.500000000000001110e-01
2.499999999999999722e-01 7.500000000000000000e-01
4.679501074162157881e-01 5.320498925837842119e-01
6.976902148907896395e-01 3.023097851092103605e-01
8.357094826352439165e-01 1.642905173647560002e-01
2.500000000000000000e-01 7.500000000000000000e-01
2.500000000000000000e-01 7.500000000000001110e-01
2.500000000000000000e-01 7.500000000000001110e-01
2.499999999999999445e-01 7.500000000000000000e-01
2.500000000000000000e-01 7.500000000000000000e-01
2.500000000000000000e-01 7.500000000000000000e-01
2.500000000000000000e-01 7.500000000000001110e-01
2.499999999999999722e-01 7.500000000000000000e-01
2.499999999999999722e-01 7.500000000000000000e-01
2.500000000000000000e-01 7.500000000000001110e-01
2.500000000000000000e-01 7.500000000000000000e-01
8.095394851472509368e-01 1.904605148527490632e-01
2.500000000000000000e-01 7.500000000000000000e-01
2.499999999999999445e-01 7.500000000000000000e-01
2.500000000000000000e-01 7.500000000000000000e-01
8.544499138499322966e-01 1.455500861500676757e-01
8.596073034395238510e-01 1.403926965604761212e-01
6.851386606231744114e-01 3.148613393768254776e-01
3.247325297860033100e-01 6.752674702139966900e-01
2.521417753780806348e-01 7.478582246219194207e-01
2.551824217578366194e-01 7.448175782421634361e-01
2.499999999999999445e-01 7.500000000000000000e-01
2.499999999999999445e-01 7.500000000000000000e-01
2.500000000000000000e-01 7.500000000000001110e-01
2.500000000000000000e-01 7.500000000000001110e-01
5.154491826384705044e-01 4.845508173615294956e-01
7.692635921043579073e-01 2.307364078956422038e-01
3.937582773378255352e-01 6.062417226621744648e-01
3.220754197116462159e-01 6.779245802883537841e-01
8.460952719949882406e-01 1.539047280050117872e-01
8.673296812634373465e-01 1.326703187365626535e-01
7.467896201671218037e-01 2.532103798328782518e-01
4.355327621310455255e-01 5.644672378689544745e-01
5.924955068065576036e-01 4.075044931934423409e-01
2.499999999999999445e-01 7.500000000000000000e-01
2.499999999999999445e-01 7.500000000000000000e-01
2.500000000000000555e-01 7.500000000000000000e-01
7.022777899483693131e-01 2.977222100516306313e-01
6.612609272268423766e-01 3.387390727731575679e-01
2.933433759103593608e-01 7.066566240896404727e-01
2.500000000000000000e-01 7.500000000000000000e-01
2.499999999999999445e-01 7.500000000000001110e-01
2.500000000000000000e-01 7.500000000000000000e-01
3.060317191003579240e-01 6.939682808996421315e-01
3.181162072598489043e-01 6.818837927401510957e-01
5.675563039135739229e-01 4.324436960864260771e-01
7.716215373671039268e-01 2.283784626328961564e-01
8.609002723842854587e-01 1.390997276157145690e-01
8.538743867350194749e-01 1.461256132649804695e-01
8.215459007007523962e-01 1.784540992992476038e-01
2.500000000000000000e-01 7.500000000000001110e-01
3.123200069696905334e-01 6.876799930303094666e-01
2.500000000000000000e-01 7.500000000000001110e-01
2.500000000000000000e-01 7.500000000000000000e-01
2.500000000000000000e-01 7.500000000000001110e-01
2.500000000000000000e-01 7.500000000000001110e-01
2.499999999999999445e-01 7.500000000000000000e-01
2.500000000000000000e-01 7.500000000000000000e-01
2.500000000000000000e-01 7.500000000000001110e-01
2.500000000000000000e-01 7.500000000000000000e-01
2.500000000000000000e-01 7.500000000000001110e-01
2.500000000000000000e-01 7.500000000000001110e-01
2.500000000000000000e-01 7.500000000000001110e-01
2.500000000000000000e-01 7.500000000000000000e-01
8.543179883759728366e-01 1.456820116240271634e-01
6.530146520726618498e-01 3.469853479273381502e-01
3.561912082351690323e-01 6.438087917648309677e-01
7.366150275905970490e-01 2.633849724094030065e-01
8.281653449147856616e-01 1.718346550852142274e-01
8.389432022573931613e-01 1.610567977426068109e-01
3.495025425094317462e-01 6.504974574905681983e-01
8.651519697321810032e-01 1.348480302678189413e-01
7.334778619099462382e-01 2.665221380900538728e-01
3.301753144921842908e-01 6.698246855078158202e-01
2.500000000000000000e-01 7.500000000000000000e-01
2.500000000000000000e-01 7.500000000000001110e-01
2.499999999999999445e-01 7.500000000000000000e-01
2.500000000000000000e-01 7.500000000000000000e-01
2.500000000000000000e-01 7.500000000000001110e-01
2.500000000000000000e-01 7.500000000000000000e-01
2.499999999999999445e-01 7.500000000000001110e-01
2.500000000000000000e-01 7.500000000000000000e-01
2.500000000000000000e-01 7.500000000000000000e-01
2.500000000000000000e-01 7.500000000000000000e-01
6.162925917313546442e-01 3.837074082686453558e-01
4.813531575141358210e-01 5.186468424858641235e-01
5.334221922662729654e-01 4.665778077337268681e-01
7.412271526923110976e-01 2.587728473076890134e-01
2.587184206212286286e-01 7.412815793787713714e-01
2.500000000000000000e-01 7.500000000000001110e-01
2.500000000000000000e-01 7.500000000000000000e-01
2.500000000000000000e-01 7.500000000000001110e-01
7.228701200861678000e-01 2.771298799138322555e-01
2.816912607278029279e-01 7.183087392721971831e-01
6.681837005185370382e-01 3.318162994814630729e-01
7.752548156793240830e-01 2.247451843206759448e-01
8.710987921059836214e-01 1.289012078940162953e-01
7.025815887640304291e-01 2.974184112359696264e-01
2.961019536548600284e-01 7.038980463451399716e-01
7.666147428400669206e-01 2.333852571599330517e-01
8.667617017535926838e-01 1.332382982464072607e-01
7.757807661582770686e-01 2.242192338417230146e-01
2.500000000000000000e-01 7.500000000000000000e-01
2.500000000000000000e-01 7.500000000000001110e-01
2.500000000000000000e-01 7.500000000000000000e-01
6.302719604114696006e-01 3.697280395885305104e-01
2.500000000000000000e-01 7.500000000000001110e-01
2.500000000000000000e-01 7.500000000000001110e-01
2.499999999999999445e-01 7.500000000000000000e-01
2.500000000000000000e-01 7.500000000000001110e-01
2.500000000000000000e-01 7.500000000000000000e-01
2.500000000000000000e-01 7.500000000000001110e-01
2.500000000000000000e-01 7.500000000000000000e-01
2.500000000000000000e-01 7.500000000000001110e-01
2.499999999999999445e-01 7.500000000000000000e-01
2.500000000000000000e-01 7.500000000000001110e-01
2.500000000000000000e-01 7.500000000000000000e-01
2.500000000000000000e-01 7.500000000000000000e-01
4.234711251134601340e-01 5.765288748865398105e-01
7.049845141932655768e-01 2.950154858067344787e-01
5.619994139057395977e-01 4.380005860942604023e-01
5.608328619120366287e-01 4.391671380879633713e-01
7.716250594955069708e-01 2.283749405044930014e-01
3.491168956052186911e-01 6.508831043947812534e-01
6.196790940857332952e-01 3.803209059142667048e-01
2.499999999999999722e-01 7.500000000000000000e-01
2.500000000000000000e-01 7.500000000000000000e-01
2.500000000000000000e-01 7.500000000000001110e-01
2.499999999999999722e-01 7.500000000000001110e-01
2.499999999999999722e-01 7.500000000000000000e-01
2.500000000000000000e-01 7.500000000000000000e-01
2.500000000000000000e-01 7.500000000000001110e-01
2.499999999999999445e-01 7.500000000000000000e-01
2.500000000000000000e-01 7.500000000000000000e-01
2.500000000000000000e-01 7.500000000000000000e-01
2.500000000000000000e-01 7.500000000000001110e-01
2.500000000000000000e-01 7.500000000000000000e-01
5.630285296321074773e-01 4.369714703678926337e-01
5.621015107306306380e-01 4.378984892693693620e-01
2.499999999999999445e-01 7.500000000000000000e-01
2.499999999999999445e-01 7.500000000000000000e-01
2.499999999999999445e-01 7.500000000000000000e-01
2.500000000000000000e-01 7.500000000000001110e-01
3.707999261180003336e-01 6.292000738819997219e-01
2.585482968620066990e-01 7.414517031379932455e-01
2.663539526258927315e-01 7.336460473741073240e-01
5.111362704569027970e-01 4.888637295430971474e-01
8.452593658461811099e-01 1.547406341538188901e-01
6.985037184414309985e-01 3.014962815585690570e-01
3.719211908314705162e-01 6.280788091685295393e-01
8.498669561768428249e-01 1.501330438231570641e-01
5.247808042353453439e-01 4.752191957646545450e-01
6.819217807527513386e-01 3.180782192472487169e-01
6.881719862494956041e-01 3.118280137505043403e-01
6.692628073595752181e-01 3.307371926404246709e-01
8.181246666826359482e-01 1.818753333173640796e-01
8.628366476074152969e-01 1.371633523925847031e-01
8.731318822506144439e-01 1.268681177493856116e-01
8.342784412492941781e-01 1.657215587507059606e-01
6.803439561419593051e-01 3.196560438580407504e-01
6.487420556888440215e-01 3.512579443111559230e-01
4.162873765056165909e-01 5.837126234943834646e-01
2.567359068999701677e-01 7.432640931000298323e-01
4.074177253602092597e-01 5.925822746397908514e-01
6.565714843172362203e-01 3.434285156827636132e-01
2.500000000000000000e-01 7.499999999999998890e-01
7.079707097253687964e-01 2.920292902746312591e-01
8.534411235563139631e-01 1.465588764436860369e-01
6.180506122608487862e-01 3.819493877391511027e-01
2.499999999999999445e-01 7.500000000000000000e-01
2.499999999999999722e-01 7.500000000000000000e-01
3.755832619015686547e-01 6.244167380984313453e-01
2.919216497978910918e-01 7.080783502021089637e-01
3.593566396228066173e-01 6.406433603771934937e-01
3.723030448328658037e-01 6.276969551671340852e-01
7.826192024068484576e-01 2.173807975931515146e-01
6.071250426277637890e-01 3.928749573722362110e-01
4.083676816625348427e-01 5.916323183374652128e-01
2.556242768472127835e-01 7.443757231527873275e-01
2.937018869589755887e-01 7.062981130410244113e-01
3.253354950981392490e-01 6.746645049018608065e-01
5.605248531557941449e-01 4.394751468442059661e-01
5.345101219379057023e-01 4.654898780620942422e-01
6.175117479806369047e-01 3.824882520193630953e-01
8.198797197765685940e-01 1.801202802234314337e-01
2.807359974731471475e-01 7.192640025268529635e-01
2.500000000000000000e-01 7.500000000000000000e-01
2.736537760644797701e-01 7.263462239355201744e-01
2.556667026789810615e-01 7.443332973210190495e-01
2.848057472435787107e-01 7.151942527564212337e-01
3.484731255747556822e-01 6.515268744252442623e-01
2.500000000000000000e-01 7.500000000000001110e-01
2.500000000000000000e-01 7.500000000000001110e-01
2.499999999999999445e-01 7.500000000000000000e-01
2.500000000000000000e-01 7.500000000000000000e-01
6.439898873370138999e-01 3.560101126629861001e-01
8.110953641698911420e-01 1.889046358301089135e-01
2.500000000000000000e-01 7.500000000000001110e-01
2.500000000000000000e-01 7.500000000000000000e-01
2.566154338213239017e-01 7.433845661786760983e-01
2.499999999999999445e-01 7.500000000000000000e-01
2.500000000000000000e-01 7.500000000000000000e-01
2.500000000000000000e-01 7.500000000000001110e-01
2.500000000000000000e-01 7.500000000000000000e-01
2.499999999999999445e-01 7.500000000000000000e-01
2.500000000000000000e-01 7.500000000000001110e-01
2.500000000000000000e-01 7.500000000000000000e-01
2.500000000000000000e-01 7.500000000000001110e-01
2.500000000000000000e-01 7.500000000000001110e-01
2.499999999999999445e-01 7.500000000000000000e-01
2.500000000000000000e-01 7.500000000000000000e-01
2.500000000000000000e-01 7.500000000000000000e-01
4.697382795259805732e-01 5.302617204740194268e-01
2.499999999999999445e-01 7.500000000000000000e-01
2.500000000000000000e-01 7.500000000000000000e-01
2.500000000000000000e-01 7.500000000000001110e-01
2.499999999999999445e-01 7.500000000000000000e-01
2.499999999999999445e-01 7.500000000000000000e-01
2.499999999999999722e-01 7.500000000000000000e-01
2.499999999999999445e-01 7.500000000000000000e-01
2.500000000000000000e-01 7.500000000000000000e-01
2.499999999999999445e-01 7.500000000000000000e-01
2.499999999999999445e-01 7.500000000000000000e-01
2.500000000000000000e-01 7.500000000000000000e-01
7.695752873799853733e-01 2.304247126200145990e-01
4.012718400150349085e-01 5.987281599849649805e-01
3.020661099489593826e-01 6.979338900510406729e-01
3.183486671015145486e-01 6.816513328984854514e-01
2.499999999999999445e-01 7.500000000000000000e-01
2.500000000000000000e-01 7.500000000000000000e-01
3.282616501344831073e-01 6.717383498655168372e-01
2.711197913739767373e-01 7.288802086260232072e-01
3.748388433224050242e-01 6.251611566775949758e-01
3.580617872036550020e-01 6.419382127963449980e-01
2.544846689091895819e-01 7.455153310908103625e-01
3.601246264269382102e-01 6.398753735730617898e-01
4.207242968034830555e-01 5.792757031965170000e-01
6.018447267944682100e-01 3.981552732055319010e-01
5.098415119509419613e-01 4.901584880490581497e-01
7.789437231342073442e-01 2.210562768657926558e-01
8.590074516532384408e-01 1.409925483467615315e-01
7.672634895076688721e-01 2.327365104923311834e-01
2.500000000000000000e-01 7.500000000000001110e-01
2.500000000000000000e-01 7.500000000000001110e-01
2.499999999999999722e-01 7.500000000000000000e-01
8.705673765587058632e-01 1.294326234412940535e-01
8.161701342102559709e-01 1.838298657897441957e-01
5.044544403215394102e-01 4.955455596784605898e-01
8.322358127990177046e-01 1.677641872009822677e-01
2.500000000000000000e-01 7.500000000000001110e-01
2.500000000000000000e-01 7.500000000000001110e-01
3.095291908916230073e-01 6.904708091083769927e-01
2.500000000000000000e-01 7.500000000000001110e-01
7.590845053836233758e-01 2.409154946163765965e-01
4.135877028770236219e-01 5.864122971229764891e-01
2.500000000000000000e-01 7.500000000000001110e-01
2.500000000000000000e-01 7.500000000000000000e-01
7.913141117451483186e-01 2.086858882548516814e-01
8.670443687848153891e-01 1.329556312151846109e-01
7.672353554032517176e-01 2.327646445967481992e-01
3.263849337259671080e-01 6.736150662740327810e-01
2.947038353928337351e-01 7.052961646071661539e-01
4.479361450732050054e-01 5.520638549267951056e-01
2.916883196290455671e-01 7.083116803709543774e-01
3.117732499803806401e-01 6.882267500196193044e-01
8.051235980506549206e-01 1.948764019493450239e-01
2.795580959087542450e-01 7.204419040912457550e-01
4.370425866990575448e-01 5.629574133009423997e-01
6.540315509604843758e-01 3.459684490395157352e-01
6.520911199287626747e-01 3.479088800712374363e-01
2.507958064747664029e-01 7.492041935252335971e-01
2.499999999999999445e-01 7.500000000000000000e-01
2.500000000000000000e-01 7.500000000000000000e-01
2.500000000000000000e-01 7.500000000000001110e-01
2.499999999999999445e-01 7.500000000000000000e-01
2.500000000000000000e-01 7.500000000000000000e-01
2.500000000000000000e-01 7.500000000000001110e-01
2.499999999999999722e-01 7.500000000000001110e-01
8.576085199580628649e-01 1.423914800419372462e-01
4.429224606913353957e-01 5.570775393086645488e-01
6.312883518931999838e-01 3.687116481067999052e-01
2.499999999999999445e-01 7.500000000000000000e-01
2.500000000000000000e-01 7.500000000000000000e-01
8.204412561415502791e-01 1.795587438584498874e-01
6.548248732992881793e-01 3.451751267007118762e-01
2.523895737196839018e-01 7.476104262803160427e-01
2.500000000000000000e-01 7.500000000000000000e-01
3.081930329063070073e-01 6.918069670936929372e-01
2.539865828549010551e-01 7.460134171450990559e-01
4.310336312285796834e-01 5.689663687714203721e-01
7.517384189302059871e-01 2.482615810697940684e-01
7.767576275640748484e-01 2.232423724359251238e-01
4.778969767693439508e-01 5.221030232306560492e-01
7.516302634982376940e-01 2.483697365017623337e-01
2.500000000000000000e-01 7.500000000000000000e-01
2.500000000000000000e-01 7.500000000000001110e-01
2.500000000000000000e-01 7.500000000000001110e-01
2.499999999999999445e-01 7.500000000000000000e-01
2.500000000000000000e-01 7.500000000000000000e-01
2.680495498672827992e-01 7.319504501327172008e-01
2.936283498969791128e-01 7.063716501030209427e-01
2.574321729230494848e-01 7.425678270769504596e-01
2.499999999999999722e-01 7.500000000000000000e-01
3.556355413090138695e-01 6.443644586909860195e-01
4.439903429256951695e-01 5.560096570743047195e-01
3.052639548588999552e-01 6.947360451410999893e-01
2.499999999999999445e-01 7.500000000000000000e-01
2.500000000000000000e-01 7.500000000000001110e-01
7.864759253017548080e-01 2.135240746982452753e-01
8.323797661276038928e-01 1.676202338723960239e-01
7.864700841545564369e-01 2.135299158454435631e-01
4.920077459172303436e-01 5.079922540827696009e-01
2.499999999999999445e-01 7.500000000000000000e-01
2.499999999999999445e-01 7.500000000000000000e-01
2.500000000000000000e-01 7.500000000000000000e-01
2.500000000000000000e-01 7.500000000000001110e-01
2.500000000000000000e-01 7.500000000000000000e-01
2.500000000000000000e-01 7.500000000000000000e-01
5.412570713838671388e-01 4.587429286161329167e-01
3.240721171304780657e-01 6.759278828695219898e-01
7.020791863331757865e-01 2.979208136668241580e-01
2.540665285752754521e-01 7.459334714247246589e-01
2.499999999999999445e-01 7.500000000000000000e-01
2.500000000000000000e-01 7.500000000000000000e-01
2.661575332338088073e-01 7.338424667661911371e-01
3.147262634759286359e-01 6.852737365240713086e-01
6.816404566825988720e-01 3.183595433174011835e-01
8.631198264545433263e-01 1.368801735454567292e-01
8.125031116115777330e-01 1.874968883884222948e-01
5.232672207011518362e-01 4.767327792988482194e-01
8.744122875230581071e-01 1.255877124769419484e-01
7.353366935833792750e-01 2.646633064166208360e-01
5.287629631822292620e-01 4.712370368177706825e-01
6.558014083097778446e-01 3.441985916902220444e-01
6.665353374627877026e-01 3.334646625372124085e-01
4.278059634577959236e-01 5.721940365422041319e-01
7.748149452442107954e-01 2.251850547557892601e-01
6.653097132340219932e-01 3.346902867659780068e-01
2.608584321736119871e-01 7.391415678263880684e-01
4.360271384640023173e-01 5.639728615359977937e-01
2.499999999999999445e-01 7.500000000000000000e-01
2.499999999999999445e-01 7.500000000000000000e-01
2.499999999999999445e-01 7.500000000000000000e-01
2.500000000000000000e-01 7.500000000000000000e-01
2.500000000000000000e-01 7.500000000000001110e-01
2.689601209435742990e-01 7.310398790564256455e-01
8.352163612534048154e-01 1.647836387465951014e-01
7.946371478584327575e-01 2.053628521415672981e-01
7.112597641968114726e-01 2.887402358031885274e-01
7.821261872375870894e-01 2.178738127624128829e-01
2.815637299840449415e-01 7.184362700159551141e-01
2.796909902368948653e-01 7.203090097631051902e-01
2.560178668701238447e-01 7.439821331298762663e-01
2.499999999999999722e-01 7.500000000000000000e-01
4.329218467339433496e-01 5.670781532660565949e-01
2.670442972337751519e-01 7.329557027662249036e-01
3.198205507183640162e-01 6.801794492816359838e-01
2.500000000000000000e-01 7.500000000000001110e-01
2.500000000000000000e-01 7.500000000000001110e-01
2.500000000000000000e-01 7.500000000000001110e-01
2.499999999999999445e-01 7.500000000000000000e-01
2.499999999999999445e-01 7.500000000000000000e-01
2.499999999999999445e-01 7.500000000000000000e-01
2.499999999999999445e-01 7.500000000000000000e-01
2.499999999999999445e-01 7.500000000000000000e-01
2.499999999999999722e-01 7.500000000000000000e-01
4.821270614558665901e-01 5.178729385441335209e-01
3.669655911467650800e-01 6.330344088532350311e-01
6.381548077166240285e-01 3.618451922833759160e-01
6.060277178652664354e-01 3.939722821347335646e-01
6.329055780361074746e-01 3.670944219638925254e-01
5.686636893907428547e-01 4.313363106092572563e-01
5.518314939165080979e-01 4.481685060834919576e-01
8.074186812898024312e-01 1.925813187101975132e-01
7.640306183766137904e-01 2.359693816233861818e-01
2.499999999999999445e-01 7.500000000000000000e-01
2.499999999999999445e-01 7.500000000000000000e-01
2.500000000000000000e-01 7.500000000000000000e-01
4.985514687343721718e-01 5.014485312656277172e-01
3.988214502759925839e-01 6.011785497240075271e-01
6.802966920535200579e-01 3.197033079464798311e-01
8.630660284130360349e-01 1.369339715869639096e-01
8.477727794760573365e-01 1.522272205239426079e-01
2.499999999999999445e-01 7.500000000000000000e-01
2.499999999999999445e-01 7.500000000000000000e-01
2.500000000000000000e-01 7.500000000000000000e-01
2.504508534005476794e-01 7.495491465994523761e-01
2.500000000000000000e-01 7.500000000000001110e-01
2.500000000000000000e-01 7.500000000000000000e-01
5.774444648109573475e-01 4.225555351890427080e-01
7.913690314057878483e-01 2.086309685942121239e-01
7.359526522855733832e-01 2.640473477144266168e-01
3.698934277187744812e-01 6.301065722812254633e-01
2.622967220549877188e-01 7.377032779450123368e-01
2.874246313224974592e-01 7.125753686775024853e-01
2.543239795132383185e-01 7.456760204867617370e-01
3.145806706406283904e-01 6.854193293593716652e-01
2.863737157419800061e-01 7.136262842580199939e-01
5.634426512408248211e-01 4.365573487591752344e-01
2.582432681041314515e-01 7.417567318958684375e-01
6.244963470663996707e-01 3.755036529336003848e-01
8.636172873184322363e-01 1.363827126815677637e-01
5.125726025976992117e-01 4.874273974023007328e-01
6.151453483422928414e-01 3.848546516577072696e-01
6.826912435471013119e-01 3.173087564528985216e-01
2.500000000000000000e-01 7.500000000000000000e-01
3.002711756547393751e-01 6.997288243452606249e-01
2.546742954081127608e-01 7.453257045918871837e-01
2.763583751889814311e-01 7.236416248110185689e-01
4.670757285761467648e-01 5.329242714238532352e-01
7.974761909107725977e-01 2.025238090892273746e-01
3.308387819625612236e-01 6.691612180374387764e-01
2.499999999999999445e-01 7.500000000000000000e-01
2.500000000000000000e-01 7.500000000000000000e-01
2.500000000000000000e-01 7.500000000000000000e-01
2.500000000000000000e-01 7.500000000000001110e-01
2.500000000000000000e-01 7.500000000000000000e-01
2.604968228975221289e-01 7.395031771024779266e-01
2.500000000000000000e-01 7.500000000000000000e-01
2.499999999999999722e-01 7.500000000000000000e-01
2.500000000000000000e-01 7.500000000000000000e-01
2.499999999999999445e-01 7.500000000000000000e-01
2.500000000000000000e-01 7.500000000000000000e-01
2.499999999999999445e-01 7.500000000000000000e-01
2.500000000000000000e-01 7.500000000000001110e-01
2.499999999999999445e-01 7.500000000000000000e-01
2.499999999999999445e-01 7.500000000000000000e-01
2.499999999999999445e-01 7.500000000000000000e-01
2.500000000000000000e-01 7.500000000000000000e-01
2.499999999999999445e-01 7.500000000000000000e-01
2.499999999999999445e-01 7.500000000000000000e-01
2.500000000000000000e-01 7.500000000000001110e-01
2.499999999999999445e-01 7.500000000000000000e-01
2.500000000000000000e-01 7.500000000000000000e-01
8.717748693127003179e-01 1.282251306872996266e-01
7.361029057540093845e-01 2.638970942459906710e-01
6.253622484972500839e-01 3.746377515027498606e-01
2.547662076022998989e-01 7.452337923977001566e-01
2.611259385301532010e-01 7.388740614698469100e-01
2.500000000000000000e-01 7.500000000000001110e-01
2.500000000000000000e-01 7.500000000000000000e-01
2.500000000000000000e-01 7.500000000000001110e-01
2.499999999999999445e-01 7.500000000000000000e-01
2.499999999999999445e-01 7.500000000000000000e-01
2.499999999999999445e-01 7.500000000000000000e-01
2.499999999999999722e-01 7.500000000000000000e-01
4.105027258228317044e-01 5.894972741771682401e-01
2.826549092754376824e-01 7.173450907245624286e-01
7.530280642608757624e-01 2.469719357391241543e-01
3.783312760271193009e-01 6.216687239728806436e-01
2.580646751138834794e-01 7.419353248861165762e-01
2.499999999999999445e-01 7.500000000000000000e-01
2.500000000000000000e-01 7.500000000000000000e-01
3.342420325953354698e-01 6.657579674046645302e-01
3.996914869803048775e-01 6.003085130196951225e-01
5.054999964946164104e-01 4.945000035053836451e-01
6.127086121092769622e-01 3.872913878907230378e-01
5.487907883606226722e-01 4.512092116393773278e-01
2.499999999999999445e-01 7.500000000000000000e-01
2.499999999999999445e-01 7.500000000000000000e-01
2.499999999999999445e-01 7.500000000000000000e-01
2.499999999999999445e-01 7.500000000000000000e-01
2.499999999999999445e-01 7.500000000000000000e-01
2.500000000000000000e-01 7.500000000000000000e-01
2.500000000000000000e-01 7.500000000000001110e-01
2.500000000000000000e-01 7.500000000000001110e-01
2.500000000000000000e-01 7.500000000000000000e-01
2.571819809026950621e-01 7.428180190973049379e-01
2.500000000000000000e-01 7.500000000000000000e-01
2.500000000000000000e-01 7.500000000000000000e-01
2.500000000000000000e-01 7.500000000000000000e-01
2.499999999999999445e-01 7.500000000000000000e-01
2.499999999999999445e-01 7.500000000000000000e-01
2.500000000000000000e-01 7.500000000000000000e-01
2.499999999999999445e-01 7.500000000000001110e-01
2.500000000000000000e-01 7.500000000000000000e-01
2.500000000000000000e-01 7.500000000000001110e-01
2.499999999999999445e-01 7.500000000000000000e-01
2.500000000000000000e-01 7.500000000000000000e-01
2.500000000000000000e-01 7.500000000000001110e-01
2.500000000000000000e-01 7.500000000000001110e-01
2.500000000000000000e-01 7.500000000000001110e-01
2.500000000000000000e-01 7.500000000000000000e-01
4.500635594429868713e-01 5.499364405570130732e-01
5.157944489217051176e-01 4.842055510782947714e-01
8.738867826729788124e-01 1.261132173270212431e-01
8.436869662378854162e-01 1.563130337621145283e-01
2.500000000000000000e-01 7.500000000000001110e-01
2.500000000000000000e-01 7.500000000000000000e-01
7.665860779397803970e-01 2.334139220602196585e-01
3.433383783905207265e-01 6.566616216094791625e-01
6.603809162248047704e-01 3.396190837751951741e-01
4.001765788897502785e-01 5.998234211102496660e-01
6.832601722366028474e-01 3.167398277633970971e-01
7.481555025751542853e-01 2.518444974248458257e-01
2.687533145824057002e-01 7.312466854175942998e-01
7.769721541334779769e-01 2.230278458665220509e-01
3.060698731018512975e-01 6.939301268981487025e-01
3.316256046423657899e-01 6.683743953576340990e-01
3.177815485428976960e-01 6.822184514571022484e-01
7.550966803219886225e-01 2.449033196780114607e-01
6.726938224612086792e-01 3.273061775387914318e-01
2.639983684041333767e-01 7.360016315958665123e-01
2.539699224344937889e-01 7.460300775655062111e-01
3.340632339829101571e-01 6.659367660170898429e-01
2.521817281936734600e-01 7.478182718063266510e-01
2.500000000000000000e-01 7.500000000000001110e-01
2.500000000000000000e-01 7.500000000000000000e-01
4.910439043361434774e-01 5.089560956638565781e-01
3.960561585668658791e-01 6.039438414331340654e-01
3.203824034639363161e-01 6.796175965360636839e-01
2.499999999999999445e-01 7.500000000000000000e-01
2.500000000000000000e-01 7.500000000000000000e-01
2.499999999999999445e-01 7.500000000000000000e-01
2.500000000000000000e-01 7.500000000000001110e-01
2.613681992350173622e-01 7.386318007649825823e-01
4.883837305428695985e-01 5.116162694571304570e-01
2.580043862282469513e-01 7.419956137717530487e-01
2.500000000000000000e-01 7.500000000000001110e-01
2.500000000000000000e-01 7.500000000000001110e-01
2.500000000000000000e-01 7.500000000000001110e-01
2.500000000000000000e-01 7.500000000000001110e-01
3.663392320155104964e-01 6.336607679844894481e-01
7.515665604233370267e-01 2.484334395766629733e-01
8.523221888899914500e-01 1.476778111100086333e-01
8.492683891895512760e-01 1.507316108104488350e-01
8.613786548861618320e-01 1.386213451138382513e-01
4.801848105149849055e-01 5.198151894850150390e-01
2.499999999999999445e-01 7.500000000000000000e-01
2.500000000000000000e-01 7.500000000000000000e-01
2.500000000000000000e-01 7.500000000000001110e-01
2.500000000000000000e-01 7.500000000000000000e-01
2.500000000000000000e-01 7.500000000000001110e-01
2.500000000000000000e-01 7.500000000000000000e-01
2.778156548149696148e-01 7.221843451850303852e-01
6.535078468999551138e-01 3.464921531000449417e-01
7.593229977662755426e-01 2.406770022337245130e-01
4.994522541627951506e-01 5.005477458372049604e-01
7.382358543186436917e-01 2.617641456813561973e-01
7.725276707132312515e-01 2.274723292867686653e-01
3.603119058425604537e-01 6.396880941574395463e-01
3.540858574452065421e-01 6.459141425547934023e-01
3.890676243659470512e-01 6.109323756340530043e-01
4.974936273685840460e-01 5.025063726314160650e-01
5.876279084376135886e-01 4.123720915623864669e-01
8.526628028793750147e-01 1.473371971206249020e-01
8.268469150088019193e-01 1.731530849911981085e-01
8.577484665187637969e-01 1.422515334812362031e-01
8.596997836131614612e-01 1.403002163868385943e-01
8.146625442447612553e-01 1.853374557552387447e-01
8.167562976950486497e-01 1.832437023049513780e-01
4.258128518671891460e-01 5.741871481328107985e-01
2.499999999999999445e-01 7.500000000000000000e-01
2.499999999999999445e-01 7.500000000000000000e-01
2.499999999999999445e-01 7.500000000000000000e-01
2.500000000000000000e-01 7.500000000000000000e-01
5.035288435131949347e-01 4.964711564868050098e-01
2.499999999999999445e-01 7.500000000000000000e-01
2.500000000000000000e-01 7.500000000000000000e-01
8.545158683415736700e-01 1.454841316584264410e-01
8.397472272983331765e-01 1.602527727016668790e-01
5.747939258787851946e-01 4.252060741212147499e-01
4.529159900311452436e-01 5.470840099688547564e-01
2.500000000000000000e-01 7.500000000000000000e-01
2.499999999999999445e-01 7.500000000000000000e-01
2.500000000000000000e-01 7.500000000000000000e-01
2.500000000000000000e-01 7.500000000000001110e-01
2.500000000000000000e-01 7.500000000000001110e-01
2.499999999999999445e-01 7.500000000000000000e-01
2.500000000000000000e-01 7.500000000000000000e-01
2.499999999999999445e-01 7.500000000000000000e-01
2.500000000000000000e-01 7.500000000000001110e-01
2.499999999999999445e-01 7.500000000000000000e-01
2.499999999999999445e-01 7.500000000000000000e-01
5.835240906722587440e-01 4.164759093277412560e-01
7.531210009395480354e-01 2.468789990604518814e-01
2.500000000000000000e-01 7.500000000000001110e-01
2.500000000000000000e-01 7.500000000000000000e-01
2.500000000000000000e-01 7.500000000000000000e-01
3.625748297576553703e-01 6.374251702423446853e-01
3.051478500559613449e-01 6.948521499440386551e-01
2.499999999999999445e-01 7.500000000000000000e-01
2.499999999999999722e-01 7.500000000000000000e-01
8.390992701670830778e-01 1.609007298329169222e-01
8.487825380053731772e-01 1.512174619946267118e-01
2.500000000000000000e-01 7.500000000000000000e-01
2.499999999999999445e-01 7.500000000000000000e-01
2.499999999999999445e-01 7.500000000000000000e-01
2.499999999999999445e-01 7.500000000000000000e-01
2.499999999999999722e-01 7.500000000000000000e-01
8.527980355880411256e-01 1.472019644119587911e-01
6.158791998712920268e-01 3.841208001287080287e-01
5.726555911876467508e-01 4.273444088123533047e-01
8.441903721012176121e-01 1.558096278987824990e-01
6.695252912126591349e-01 3.304747087873409206e-01
4.236238602054370750e-01 5.763761397945629250e-01
8.400317665185376148e-01 1.599682334814624129e-01
8.508740278296733628e-01 1.491259721703266095e-01
2.532117921347718514e-01 7.467882078652281486e-01
2.500000000000000000e-01 7.500000000000001110e-01
2.499999999999999445e-01 7.500000000000000000e-01
2.500000000000000000e-01 7.500000000000000000e-01
2.499999999999999445e-01 7.500000000000000000e-01
2.500000000000000000e-01 7.500000000000000000e-01
7.281314189461181030e-01 2.718685810538820080e-01
8.574910081050537425e-01 1.425089918949462575e-01
8.407252381519275675e-01 1.592747618480724880e-01
5.259745682410735812e-01 4.740254317589262523e-01
2.520583017528190140e-01 7.479416982471810416e-01
2.621019337254023029e-01 7.378980662745976415e-01
5.077991825394460035e-01 4.922008174605539410e-01
2.916655838026970815e-01 7.083344161973030850e-01
2.839256620057794556e-01 7.160743379942203779e-01
2.499999999999999722e-01 7.500000000000000000e-01
7.680451888426583773e-01 2.319548111573416505e-01
6.026789882640436469e-01 3.973210117359562976e-01
7.591697493865632307e-01 2.408302506134367416e-01
7.699436504170944495e-01 2.300563495829056060e-01
3.143283983714650343e-01 6.856716016285349102e-01
3.908727043245346922e-01 6.091272956754653078e-01
5.885011214750124342e-01 4.114988785249875658e-01
5.358620348915447140e-01 4.641379651084553970e-01
3.786738482356601376e-01 6.213261517643399179e-01
2.499999999999999445e-01 7.500000000000000000e-01
2.499999999999999167e-01 7.500000000000000000e-01
5.362348753803979351e-01 4.637651246196020649e-01
2.500000000000000000e-01 7.500000000000000000e-01
4.017639641899438674e-01 5.982360358100562436e-01
6.604309571812017055e-01 3.395690428187981835e-01
6.747779412423212664e-01 3.252220587576786781e-01
2.775782304516237753e-01 7.224217695483762247e-01
2.514770988667299201e-01 7.485229011332701354e-01
5.999451939048869864e-01 4.000548060951130136e-01
5.965241362843851647e-01 4.034758637156148908e-01
5.025185296501294419e-01 4.974814703498706692e-01
2.500000000000000000e-01 7.500000000000000000e-01
2.500000000000000000e-01 7.500000000000001110e-01
2.499999999999999722e-01 7.500000000000000000e-01
6.717569883203705627e-01 3.282430116796293817e-01
4.626614390589717796e-01 5.373385609410282759e-01
5.771369300853627093e-01 4.228630699146371796e-01
2.866399753967247555e-01 7.133600246032753001e-01
6.571703861883042563e-01 3.428296138116956882e-01
4.522330668522926422e-01 5.477669331477074133e-01
5.478778287823016235e-01 4.521221712176983765e-01
6.304899270845218950e-01 3.695100729154781605e-01
8.731725451356086021e-01 1.268274548643913702e-01
6.546182269632364603e-01 3.453817730367635397e-01
7.256855347295384506e-01 2.743144652704615494e-01
8.236690856322864684e-01 1.763309143677135316e-01
8.675212315100891969e-01 1.324787684899107199e-01
8.526859220135685202e-01 1.473140779864313965e-01
8.605911726047009713e-01 1.394088273952990009e-01
7.525192461487040241e-01 2.474807538512960037e-01
2.500000000000000000e-01 7.500000000000000000e-01
2.547898999699699796e-01 7.452101000300300759e-01
2.807857356347721600e-01 7.192142643652277290e-01
2.500000000000000000e-01 7.500000000000000000e-01
3.854681239467890319e-01 6.145318760532109126e-01
2.500000000000000000e-01 7.500000000000001110e-01
2.500000000000000000e-01 7.500000000000000000e-01
2.500000000000000000e-01 7.500000000000000000e-01
4.777400467905729142e-01 5.222599532094270858e-01
5.930913706000423558e-01 4.069086293999576442e-01
7.021179517519027247e-01 2.978820482480973864e-01
2.499999999999999445e-01 7.500000000000000000e-01
2.500000000000000000e-01 7.500000000000000000e-01
2.500000000000000000e-01 7.500000000000001110e-01
2.499999999999999445e-01 7.500000000000000000e-01
2.500000000000000000e-01 7.500000000000000000e-01
2.500000000000000000e-01 7.500000000000001110e-01
2.500000000000000000e-01 7.500000000000001110e-01
2.500000000000000000e-01 7.500000000000000000e-01
7.568197255282540503e-01 2.431802744717460052e-01
8.493437432015416011e-01 1.506562567984583434e-01
2.500000000000000000e-01 7.500000000000001110e-01
2.499999999999999722e-01 7.500000000000000000e-01
5.922281853690710696e-01 4.077718146309288194e-01
8.697440894525908517e-01 1.302559105474091761e-01
8.633917180740160457e-01 1.366082819259839543e-01
7.242107338204618605e-01 2.757892661795381395e-01
8.170160663263454914e-01 1.829839336736545086e-01
8.745254458897959715e-01 1.254745541102041395e-01
7.086322738452490722e-01 2.913677261547508723e-01
8.468026457296908838e-01 1.531973542703090330e-01
5.018435517242869626e-01 4.981564482757130374e-01
2.499999999999999445e-01 7.500000000000000000e-01
2.499999999999999722e-01 7.500000000000000000e-01
4.096220610912923443e-01 5.903779389087077112e-01
2.592924742845860164e-01 7.407075257154139836e-01
2.500000000000000000e-01 7.500000000000001110e-01
2.499999999999999445e-01 7.500000000000001110e-01
7.826964646132477110e-01 2.173035353867524000e-01
3.500703881511703086e-01 6.499296118488296914e-01
8.579602809384213602e-01 1.420397190615786676e-01
4.553687665411633723e-01 5.446312334588366832e-01
5.905390154988590101e-01 4.094609845011408789e-01
4.665309510069681198e-01 5.334690489930319357e-01
6.330313616531755283e-01 3.669686383468243607e-01
2.500000000000000000e-01 7.500000000000001110e-01
2.499999999999999445e-01 7.500000000000000000e-01
2.500000000000000000e-01 7.500000000000000000e-01
6.597103649777960044e-01 3.402896350222039401e-01
6.020731529955645200e-01 3.979268470044355910e-01
5.846293592047185905e-01 4.153706407952813540e-01
3.470849452652390865e-01 6.529150547347609690e-01
2.647358042334106987e-01 7.352641957665894124e-01
6.783819889792901403e-01 3.216180110207098597e-01
7.276854299926039937e-01 2.723145700073960063e-01
8.383702752395929547e-01 1.616297247604070730e-01
2.519442389764099954e-01 7.480557610235900601e-01
3.642231921644061843e-01 6.357768078355938712e-01
3.003695488974018057e-01 6.996304511025981387e-01
4.958381985688536941e-01 5.041618014311463059e-01
7.853902624015918210e-01 2.146097375984082345e-01
2.968747008755535655e-01 7.031252991244464345e-01
2.538606726618268250e-01 7.461393273381731195e-01
4.030541163584885345e-01 5.969458836415114655e-01
2.499999999999999445e-01 7.500000000000000000e-01
2.499999999999999445e-01 7.500000000000000000e-01
2.499999999999999445e-01 7.500000000000000000e-01
2.499999999999999445e-01 7.500000000000000000e-01
2.500000000000000000e-01 7.500000000000000000e-01
2.499999999999999445e-01 7.500000000000000000e-01
2.499999999999999445e-01 7.500000000000000000e-01
2.500000000000000000e-01 7.500000000000000000e-01
5.857434704904799228e-01 4.142565295095200217e-01
8.463153404632723920e-01 1.536846595367275525e-01
8.445077044913331665e-01 1.554922955086669167e-01
2.847346001030551799e-01 7.152653998969448201e-01
3.321361008410107507e-01 6.678638991589892493e-01
5.235082791716011430e-01 4.764917208283988570e-01
2.499999999999999445e-01 7.500000000000000000e-01
2.500000000000000000e-01 7.500000000000000000e-01
2.500000000000000000e-01 7.500000000000001110e-01
2.500000000000000000e-01 7.500000000000001110e-01
8.553006056925820388e-01 1.446993943074180167e-01
7.406058977439723412e-01 2.593941022560276588e-01
8.299849127301970331e-01 1.700150872698028282e-01
4.557569237474524138e-01 5.442430762525476418e-01
5.200323655356500208e-01 4.799676344643501458e-01
2.551177183614982691e-01 7.448822816385017864e-01
2.736875054221207249e-01 7.263124945778792751e-01
4.011706555432785759e-01 5.988293444567214241e-01
6.428874819778080951e-01 3.571125180221919604e-01
3.429990132445339124e-01 6.570009867554661431e-01
8.541622710160055032e-01 1.458377289839945801e-01
6.465550929769368071e-01 3.534449070230631929e-01
2.639027164077824006e-01 7.360972835922175994e-01
2.500000000000000000e-01 7.500000000000001110e-01
2.500000000000000000e-01 7.500000000000000000e-01
2.500000000000000000e-01 7.500000000000001110e-01
2.500000000000000000e-01 7.500000000000001110e-01
2.500000000000000000e-01 7.500000000000001110e-01
2.500000000000000000e-01 7.500000000000001110e-01
2.500000000000000000e-01 7.500000000000001110e-01
2.499999999999999445e-01 7.500000000000000000e-01
2.500000000000000000e-01 7.500000000000001110e-01
2.499999999999999445e-01 7.500000000000000000e-01
2.499999999999999445e-01 7.500000000000000000e-01
2.499999999999999445e-01 7.500000000000000000e-01
2.499999999999999445e-01 7.500000000000000000e-01
2.500000000000000000e-01 7.500000000000000000e-01
2.500000000000000000e-01 7.500000000000001110e-01
2.499999999999999722e-01 7.500000000000001110e-01
2.500000000000000000e-01 7.500000000000000000e-01
4.691108808195538771e-01 5.308891191804460119e-01
2.579491086389499310e-01 7.420508913610500690e-01
3.357463771959543486e-01 6.642536228040456514e-01
5.410789013233185951e-01 4.589210986766813494e-01
5.545817198290310390e-01 4.454182801709690165e-01
2.499999999999999445e-01 7.500000000000000000e-01
2.500000000000000000e-01 7.500000000000001110e-01
2.499999999999999722e-01 7.500000000000001110e-01
2.499999999999999445e-01 7.500000000000000000e-01
2.499999999999999445e-01 7.500000000000000000e-01
2.500000000000000000e-01 7.500000000000000000e-01
2.500000000000000000e-01 7.500000000000001110e-01
2.500000000000000000e-01 7.500000000000001110e-01
2.499999999999999445e-01 7.500000000000000000e-01
2.499999999999999445e-01 7.500000000000000000e-01
2.500000000000000000e-01 7.500000000000001110e-01
2.500000000000000000e-01 7.500000000000001110e-01
2.500000000000000000e-01 7.500000000000001110e-01
8.517875170976052512e-01 1.482124829023947488e-01
3.092756462167697840e-01 6.907243537832302716e-01
8.452318285384711194e-01 1.547681714615288251e-01
6.095812197224417250e-01 3.904187802775581639e-01
4.388719220432218404e-01 5.611280779567781041e-01
3.459196659608484437e-01 6.540803340391515563e-01
2.637267227145964621e-01 7.362732772854034824e-01
2.500000000000000000e-01 7.500000000000000000e-01
2.500000000000000000e-01 7.500000000000000000e-01
2.500000000000000000e-01 7.500000000000001110e-01
2.500000000000000000e-01 7.500000000000001110e-01
2.500000000000000000e-01 7.499999999999998890e-01
6.142076421823765564e-01 3.857923578176234991e-01
3.246059946467881319e-01 6.753940053532118126e-01
2.500000000000000000e-01 7.500000000000001110e-01
4.379597301698050504e-01 5.620402698301949496e-01
6.427736099631483624e-01 3.572263900368516376e-01
8.182193371895252199e-01 1.817806628104747801e-01
3.905362588603191187e-01 6.094637411396808258e-01
5.009316445616819324e-01 4.990683554383181231e-01
2.592889887871059340e-01 7.407110112128941770e-01
2.500000000000000000e-01 7.500000000000000000e-01
4.697764475925392813e-01 5.302235524074606632e-01
3.386101537301461351e-01 6.613898462698538649e-01
6.989126874795437150e-01 3.010873125204563405e-01
6.061413087819312873e-01 3.938586912180687682e-01
2.950371392707514806e-01 7.049628607292484084e-01
4.908284837111475118e-01 5.091715162888524882e-01
4.567514729868835111e-01 5.432485270131165445e-01
5.611093552874309998e-01 4.388906447125688892e-01
3.567202675352317276e-01 6.432797324647682169e-01
3.693020144805638783e-01 6.306979855194362328e-01
2.500000000000000000e-01 7.500000000000001110e-01
2.500000000000000000e-01 7.500000000000000000e-01
2.500000000000000000e-01 7.500000000000000000e-01
2.500000000000000000e-01 7.500000000000001110e-01
2.500000000000000000e-01 7.500000000000000000e-01
4.933784499600815665e-01 5.066215500399183780e-01
4.765053804202393772e-01 5.234946195797606228e-01
4.210533780819503691e-01 5.789466219180495754e-01
4.058446771603426151e-01 5.941553228396574404e-01
2.742488331833883852e-01 7.257511668166115593e-01
2.500000000000000000e-01 7.500000000000000000e-01
2.500000000000000000e-01 7.500000000000001110e-01
2.499999999999999445e-01 7.500000000000000000e-01
2.499999999999999445e-01 7.500000000000000000e-01
2.500000000000000000e-01 7.500000000000001110e-01
2.500000000000000000e-01 7.500000000000000000e-01
2.499999999999999722e-01 7.500000000000001110e-01
4.673049486109831507e-01 5.326950513890168493e-01
3.490595798936385608e-01 6.509404201063614392e-01
8.746505090907958913e-01 1.253494909092040532e-01
7.553225511956326299e-01 2.446774488043674256e-01
6.877169101942340879e-01 3.122830898057659677e-01
7.483485647189028755e-01 2.516514352810970689e-01
7.754704315620923882e-01 2.245295684379076673e-01
7.865003331254137864e-01 2.134996668745861859e-01
5.839865297627198082e-01 4.160134702372800808e-01
4.141367024067582614e-01 5.858632975932417386e-01
7.758316476328264155e-01 2.241683523671735567e-01
2.684882433482563835e-01 7.315117566517437275e-01
7.530516734669353562e-01 2.469483265330646160e-01
8.043212991418369207e-01 1.956787008581630793e-01
8.446913481411262303e-01 1.553086518588737419e-01
5.923783862719577131e-01 4.076216137280422314e-01
5.333747022044440511e-01 4.666252977955558934e-01
3.178040121948602637e-01 6.821959878051396808e-01
4.083760888053780125e-01 5.916239111946219875e-01
2.499999999999999445e-01 7.500000000000001110e-01
2.500000000000000000e-01 7.500000000000000000e-01
2.499999999999999445e-01 7.500000000000000000e-01
2.499999999999999445e-01 7.500000000000000000e-01
3.029202128818216377e-01 6.970797871181784178e-01
2.500000000000000000e-01 7.500000000000001110e-01
2.500000000000000000e-01 7.500000000000000000e-01
2.500000000000000000e-01 7.500000000000001110e-01
2.500000000000000000e-01 7.500000000000001110e-01
2.499999999999999722e-01 7.500000000000000000e-01
6.833759929931120247e-01 3.166240070068879753e-01
5.394115911752682679e-01 4.605884088247317876e-01
7.780505004250076739e-01 2.219494995749924093e-01
8.513830218167367514e-01 1.486169781832632208e-01
8.169924882992573023e-01 1.830075117007426977e-01
2.636437378861337111e-01 7.363562621138663999e-01
2.754890194744022414e-01 7.245109805255978142e-01
5.036258502019463901e-01 4.963741497980535544e-01
4.424883943624013383e-01 5.575116056375987172e-01
4.271373368448471153e-01 5.728626631551528847e-01
4.485874216406386394e-01 5.514125783593614161e-01
6.474216925948356183e-01 3.525783074051643817e-01
2.500000000000000000e-01 7.500000000000000000e-01
2.500000000000000000e-01 7.500000000000001110e-01
2.499999999999999445e-01 7.500000000000000000e-01
2.499999999999999445e-01 7.500000000000000000e-01
2.499999999999999445e-01 7.500000000000000000e-01
2.500000000000000000e-01 7.500000000000001110e-01
2.500000000000000000e-01 7.500000000000001110e-01
2.499999999999999445e-01 7.500000000000000000e-01
2.500000000000000000e-01 7.500000000000000000e-01
2.500000000000000000e-01 7.500000000000001110e-01
6.707337377861343208e-01 3.292662622138657902e-01
6.209452593044683111e-01 3.790547406955316889e-01
2.770043296071419969e-01 7.229956703928580586e-01
2.669942885619894790e-01 7.330057114380106320e-01
2.742502836257137422e-01 7.257497163742863133e-01
2.499999999999999445e-01 7.500000000000000000e-01
2.499999999999999445e-01 7.500000000000000000e-01
2.500000000000000000e-01 7.500000000000000000e-01
8.243227775106903854e-01 1.756772224893095313e-01
2.500000000000000000e-01 7.500000000000000000e-01
2.500000000000000000e-01 7.500000000000001110e-01
2.500000000000000000e-01 7.500000000000000000e-01
8.094770258883369207e-01 1.905229741116630793e-01
3.655857147603818191e-01 6.344142852396181809e-01
2.929074270248940848e-01 7.070925729751058597e-01
2.499999999999999445e-01 7.500000000000000000e-01
2.500000000000000000e-01 7.500000000000000000e-01
5.000000000000000000e-01 5.000000000000000000e-01
