5.929810914529179992e-21 1.000000000000000000e+00
3.897006118876650584e-24 1.000000000000000000e+00
7.124454300626316920e-23 1.000000000000000000e+00
8.964615571250888256e-25 1.000000000000000000e+00
1.716036105332084842e-23 1.000000000000000000e+00
3.662385170073937445e-23 1.000000000000000000e+00
1.215347003284161648e-01 8.784652996715839324e-01
8.499367164172689781e-01 1.500632835827309941e-01
9.225568581298929649e-01 7.744314187010696571e-02
4.765315084297548354e-01 5.234684915702453312e-01
1.825585179945343750e-01 8.174414820054656250e-01
8.678169936359841907e-01 1.321830063640157260e-01
2.746005579706320421e-01 7.253994420293680134e-01
5.050571874325799904e-01 4.949428125674199541e-01
9.178958328155104596e-01 8.210416718448955431e-02
9.915777046473168710e-01 8.422295352683220951e-03
1.920393844153758505e-21 1.000000000000000000e+00
1.197678135958992179e-23 1.000000000000000000e+00
1.667625160871777724e-23 1.000000000000000000e+00
1.560470556128803942e-24 1.000000000000000000e+00
1.828804081390030534e-01 8.171195918609969189e-01
5.282725030205405285e-03 9.947172749697945626e-01
4.949343610254320902e-01 5.050656389745679098e-01
9.798203575371445956e-21 1.000000000000000000e+00
6.778351867044413170e-01 3.221648132955586274e-01
8.769276987468128948e-02 9.123072301253186689e-01
1.321039825573819965e-02 9.867896017442617795e-01
1.296961268614150358e-03 9.987030387313857727e-01
6.396249514060446950e-01 3.603750485939552495e-01
7.726937069733906538e-02 9.227306293026609207e-01
1.338693795893197008e-02 9.866130620410680230e-01
1.280586266206246437e-01 8.719413733793752730e-01
1.714219892090060590e-21 1.000000000000000000e+00
1.307285146186022834e-23 1.000000000000000000e+00
8.863894775202294518e-01 1.136105224797706037e-01
3.008634357052555330e-01 6.991365642947444670e-01
1.493509358465991421e-01 8.506490641534008024e-01
7.439885044628969935e-01 2.560114955371028955e-01
1.895936701804336322e-02 9.810406329819565396e-01
8.411200409052572713e-01 1.588799590947428397e-01
1.495201046794691204e-20 1.000000000000000000e+00
1.970100065600658756e-23 1.000000000000000000e+00
1.281210039763368886e-23 1.000000000000000000e+00
3.010742207475717441e-03 9.969892577925243415e-01
4.781444473046730405e-03 9.952185555269533745e-01
1.900881447315889889e-23 1.000000000000000000e+00
4.731091687241585510e-22 1.000000000000000000e+00
3.239813149784732177e-21 1.000000000000000000e+00
9.940499439978227985e-26 1.000000000000000000e+00
3.231745623107909599e-23 1.000000000000000000e+00
4.677973033891021852e-23 1.000000000000000000e+00
4.150924541084281991e-24 1.000000000000000000e+00
2.883684273021874800e-01 7.116315726978124090e-01
1.927405640210835290e-22 1.000000000000000000e+00
2.897831503703492961e-01 7.102168496296507039e-01
5.649714927069680037e-01 4.350285072930319408e-01
2.705707424741896627e-01 7.294292575258104483e-01
2.198549826090714326e-23 1.000000000000000000e+00
4.160134002804416475e-01 5.839865997195584635e-01
3.455856059036441774e-01 6.544143940963558226e-01
7.791559344857590443e-24 1.000000000000000000e+00
3.714990618333167266e-03 9.962850093816668640e-01
1.352562688514154579e-02 9.864743731148584160e-01
7.763592743536367191e-01 2.236407256463632809e-01
1.289371226078020435e-25 1.000000000000000000e+00
7.171337285446600929e-02 9.282866271455338936e-01
9.022357220322696492e-01 9.776427796773037859e-02
2.175507857117107979e-01 7.824492142882891743e-01
5.541234558966549179e-02 9.445876544103344319e-01
6.990556835577929062e-01 3.009443164422070938e-01
7.837469510598242817e-01 2.162530489401757183e-01
8.853199007724535303e-22 1.000000000000000000e+00
2.695308568539071374e-20 1.000000000000000000e+00
1.427265624338141839e-23 1.000000000000000000e+00
3.399162554725188553e-20 1.000000000000000000e+00
2.897532513143241265e-24 1.000000000000000000e+00
1.259455237375168903e-24 1.000000000000000000e+00
5.110421000549805117e-24 1.000000000000000000e+00
1.362193224598410535e-21 1.000000000000000000e+00
1.057106798089557452e-22 1.000000000000000000e+00
1.240559397839816402e-22 1.000000000000000000e+00
8.856998926495782132e-02 9.114300107350421509e-01
3.438979018717990693e-02 9.656102098128200861e-01
3.559244760035377708e-01 6.440755239964621737e-01
5.066651695500622443e-01 4.933348304499377002e-01
8.679451564043752509e-02 9.132054843595625027e-01
3.364087847259095133e-23 1.000000000000000000e+00
9.499927664371299963e-22 1.000000000000000000e+00
4.872344275910871764e-25 1.000000000000000000e+00
7.575103620585045865e-25 1.000000000000000000e+00
7.171987083977658586e-22 1.000000000000000000e+00
3.716247601717634242e-23 1.000000000000000000e+00
8.534741974124477835e-21 1.000000000000000000e+00
4.297807733479061767e-23 1.000000000000000000e+00
1.101765680817855624e-22 1.000000000000000000e+00
5.647543418637150424e-23 1.000000000000000000e+00
3.722812471574083598e-02 9.627718752842591154e-01
9.402416179396008711e-02 9.059758382060398851e-01
9.255848564238404741e-01 7.441514357615953978e-02
6.552783858745480222e-24 1.000000000000000000e+00
2.759913912950992946e-23 1.000000000000000000e+00
8.338349457699445591e-24 1.000000000000000000e+00
8.518676900213861757e-23 1.000000000000000000e+00
2.955528694428227954e-22 1.000000000000000000e+00
3.342083295560949359e-23 1.000000000000000000e+00
6.274584355449268784e-24 1.000000000000000000e+00
4.228614805619294167e-21 1.000000000000000000e+00
2.521481168167966893e-26 1.000000000000000000e+00
1.171419526297616760e-23 1.000000000000000000e+00
2.056908326462744644e-21 1.000000000000000000e+00
8.103859281027546713e-01 1.896140718972452732e-01
3.146332635231478911e-21 1.000000000000000000e+00
1.921281899335801862e-20 1.000000000000000000e+00
3.158962006328318852e-21 1.000000000000000000e+00
4.446433596173982594e-01 5.553566403826016851e-01
9.405242214010623991e-01 5.947577859893748986e-02
9.339816440564793210e-01 6.601835594352056802e-02
5.402194533462676418e-01 4.597805466537323582e-01
1.096639037014860915e-02 9.890336096298514290e-01
4.468437644854860065e-03 9.955315623551450610e-01
8.191207520310319268e-25 1.000000000000000000e+00
6.920796497728680738e-23 1.000000000000000000e+00
9.071233768061037027e-24 1.000000000000000000e+00
1.503537268427065651e-23 1.000000000000000000e+00
3.559351927079667383e-02 9.644064807292034303e-01
6.103583221254266222e-01 3.896416778745733778e-01
4.516844123529882848e-01 5.483155876470117152e-01
2.054808876703146520e-02 9.794519112329685973e-01
3.745228304084065596e-01 6.254771695915934959e-01
9.516510736936840686e-01 4.834892630631589666e-02
9.388852812120436209e-01 6.111471878795637219e-02
4.618285936033932892e-01 5.381714063966066552e-01
7.675901966027302015e-01 2.324098033972696598e-01
2.907891594218431476e-23 1.000000000000000000e+00
1.628923398813002370e-24 1.000000000000000000e+00
6.613589446498502062e-23 1.000000000000000000e+00
1.827141689958435289e-01 8.172858310041564156e-01
6.483904754592896280e-01 3.516095245407104275e-01
2.429600700562636884e-01 7.570399299437362561e-01
2.628927191019223524e-24 1.000000000000000000e+00
7.829806577384291966e-24 1.000000000000000000e+00
1.499036765994746541e-24 1.000000000000000000e+00
3.398619508106999476e-02 9.660138049189299636e-01
1.877473338827160415e-02 9.812252666117284861e-01
5.429247494799928353e-02 9.457075250520007303e-01
1.574728159134445860e-01 8.425271840865554696e-01
7.286513286141144130e-01 2.713486713858856425e-01
9.153302997989953838e-01 8.466970020100453298e-02
9.888941515957732076e-01 1.110584840422674038e-02
3.218802951814900627e-21 1.000000000000000000e+00
5.247205251869569570e-02 9.475279474813043112e-01
6.504617566159857644e-23 1.000000000000000000e+00
2.390931367644584192e-21 1.000000000000000000e+00
5.975463435465821010e-23 1.000000000000000000e+00
8.461721735741273723e-23 1.000000000000000000e+00
4.607237278648459203e-23 1.000000000000000000e+00
1.555956088603702441e-24 1.000000000000000000e+00
3.507422371703496032e-24 1.000000000000000000e+00
5.054335186131395830e-22 1.000000000000000000e+00
3.047597220211601870e-25 1.000000000000000000e+00
4.069711153753757367e-26 1.000000000000000000e+00
1.609143333527525229e-23 1.000000000000000000e+00
1.599996103854024213e-25 1.000000000000000000e+00
7.212679400205237457e-01 2.787320599794763099e-01
8.487706949720277283e-01 1.512293050279721607e-01
1.461571486815552157e-01 8.538428513184448398e-01
2.018384496859481070e-01 7.981615503140518930e-01
5.022664593414296608e-01 4.977335406585703392e-01
9.683275701031420768e-01 3.167242989685802035e-02
8.634528728083046278e-02 9.136547127191695372e-01
8.590262762372262717e-01 1.409737237627736173e-01
9.432963526809856614e-01 5.670364731901429006e-02
5.690258938500991626e-01 4.309741061499008929e-01
4.982548308171920307e-22 1.000000000000000000e+00
3.675865063848025190e-23 1.000000000000000000e+00
4.771108183776301378e-25 1.000000000000000000e+00
1.131834639652140734e-21 1.000000000000000000e+00
1.390619847019553997e-24 1.000000000000000000e+00
1.402491075474417433e-24 1.000000000000000000e+00
5.302965329724298606e-23 1.000000000000000000e+00
4.177268184296852623e-23 1.000000000000000000e+00
6.314986280837651863e-23 1.000000000000000000e+00
3.886958977355474312e-25 1.000000000000000000e+00
2.027163548105818114e-01 7.972836451894181886e-01
1.800327139752878614e-01 8.199672860247120276e-01
1.024371773934353719e-01 8.975628226065646142e-01
7.524051153949455895e-01 2.475948846050544661e-01
7.258213106803057535e-02 9.274178689319695357e-01
3.144912075700995053e-23 1.000000000000000000e+00
2.140499763108466400e-21 1.000000000000000000e+00
3.324765616761963920e-22 1.000000000000000000e+00
5.691574721158028094e-01 4.308425278841971351e-01
3.049303250894122574e-02 9.695069674910588020e-01
1.055204061100635804e-01 8.944795938899363641e-01
1.857650510314048375e-01 8.142349489685952735e-01
9.644251862383214080e-01 3.557481376167859893e-02
9.518477305867856231e-01 4.815226941321437693e-02
6.908076265413105876e-02 9.309192373458688996e-01
1.533108954914166044e-01 8.466891045085833678e-01
8.852134923035721581e-01 1.147865076964277586e-01
9.760767223507322843e-01 2.392327764926768449e-02
2.138642018569693706e-20 1.000000000000000000e+00
9.541529364536285750e-23 1.000000000000000000e+00
4.308733456361687080e-23 1.000000000000000000e+00
4.372308849458007018e-01 5.627691150541993537e-01
1.031868120947763467e-20 1.000000000000000000e+00
3.241483415944693542e-23 1.000000000000000000e+00
2.277612143559515944e-25 1.000000000000000000e+00
8.242892756108137707e-22 1.000000000000000000e+00
1.884597196797662895e-22 1.000000000000000000e+00
1.900732538808650626e-21 1.000000000000000000e+00
3.548331479844486058e-25 1.000000000000000000e+00
2.118196926651318826e-24 1.000000000000000000e+00
3.317017186028267740e-23 1.000000000000000000e+00
2.641091203250946966e-22 1.000000000000000000e+00
4.468830724569131505e-24 1.000000000000000000e+00
1.470560244651313691e-21 1.000000000000000000e+00
2.609587467925668716e-02 9.739041253207433302e-01
2.903566461231895657e-01 7.096433538768105453e-01
3.066925106358465714e-01 6.933074893641534286e-01
1.483824658097040172e-01 8.516175341902959550e-01
7.668566007094985704e-01 2.331433992905014574e-01
1.809572114969460743e-01 8.190427885030538979e-01
6.319638433166956393e-01 3.680361566833044717e-01
7.363096047028996325e-25 1.000000000000000000e+00
1.928106885099410229e-24 1.000000000000000000e+00
1.629660080247525462e-22 1.000000000000000000e+00
5.057713630201318692e-21 1.000000000000000000e+00
4.191696492761428252e-20 1.000000000000000000e+00
8.269340374837359575e-23 1.000000000000000000e+00
3.562946864522574729e-23 1.000000000000000000e+00
4.408380302829073554e-25 1.000000000000000000e+00
1.073700910214303857e-23 1.000000000000000000e+00
4.595075807708393736e-25 1.000000000000000000e+00
1.411432789085963203e-22 1.000000000000000000e+00
4.351132653501358280e-23 1.000000000000000000e+00
1.152631776205536862e-01 8.847368223794461750e-01
4.774952017955522710e-01 5.225047982044477290e-01
2.641936802617488972e-22 1.000000000000000000e+00
2.961946033785340410e-23 1.000000000000000000e+00
2.889398480201116867e-23 1.000000000000000000e+00
9.058425993352385837e-22 1.000000000000000000e+00
1.027468870657498590e-01 8.972531129342501410e-01
1.092627815339828126e-02 9.890737218466016945e-01
4.576334657439858240e-03 9.954236653425602155e-01
2.206940803347072835e-02 9.779305919665293167e-01
6.233323743637249059e-01 3.766676256362752051e-01
8.529552026889838379e-01 1.470447973110162176e-01
9.189668206517030702e-02 9.081033179348296791e-01
8.561810751151625043e-01 1.438189248848374679e-01
4.658508349405118265e-01 5.341491650594882845e-01
4.818581740567328686e-01 5.181418259432671869e-01
5.254782102700499280e-01 4.745217897299501830e-01
3.255280670676200527e-01 6.744719329323799473e-01
4.995479901715286775e-01 5.004520098284712670e-01
8.797010491166328272e-01 1.202989508833671312e-01
9.940707598425387870e-01 5.929240157461196543e-03
9.586774432573775817e-01 4.132255674262230727e-02
7.887038569131412657e-01 2.112961430868587620e-01
8.327365875168695197e-01 1.672634124831304803e-01
7.021873380543675047e-01 2.978126619456325508e-01
2.523299207919674908e-02 9.747670079208031746e-01
3.322887573978539066e-02 9.667711242602146093e-01
5.330404198623324152e-01 4.669595801376675848e-01
9.967055802844830471e-24 1.000000000000000000e+00
7.276494727830529197e-02 9.272350527216948191e-01
8.131815687664711856e-01 1.868184312335288422e-01
9.019203634688074400e-01 9.807963653119239344e-02
2.214959278225618326e-22 1.000000000000000000e+00
6.529856439309289521e-23 1.000000000000000000e+00
9.227551475300201089e-02 9.077244852469980030e-01
3.415740405401757052e-02 9.658425959459824295e-01
6.845022985390560033e-02 9.315497701460944135e-01
1.637568948974936836e-02 9.836243105102506767e-01
4.084404231441055022e-01 5.915595768558944423e-01
6.041869609380607908e-01 3.958130390619392092e-01
5.605629100397540032e-01 4.394370899602459413e-01
2.472942573457929255e-02 9.752705742654207421e-01
2.944624553418351623e-02 9.705537544658163762e-01
2.104365956485212269e-02 9.789563404351478981e-01
1.406830548891701560e-01 8.593169451108297885e-01
1.493252605010877143e-01 8.506747394989122579e-01
9.912995162802845650e-02 9.008700483719714880e-01
8.828881549995024614e-01 1.171118450004975942e-01
2.835864326197772289e-01 7.164135673802227711e-01
9.706268701219266473e-21 1.000000000000000000e+00
1.872867389274187125e-02 9.812713261072580906e-01
4.295041769795250423e-03 9.957049582302047730e-01
1.855366714753619098e-02 9.814463328524638541e-01
9.520556878186524352e-02 9.047944312181347426e-01
8.374110203330102379e-24 1.000000000000000000e+00
5.462456071926375105e-24 1.000000000000000000e+00
2.426464797648628797e-25 1.000000000000000000e+00
1.370085646429701649e-23 1.000000000000000000e+00
6.209174798655944794e-02 9.379082520134406353e-01
8.627473053860462704e-01 1.372526946139537296e-01
8.557456502649232071e-23 1.000000000000000000e+00
6.416758889184455501e-23 1.000000000000000000e+00
5.320505016123282076e-03 9.946794949838767552e-01
4.997117222591347984e-24 1.000000000000000000e+00
1.269275878763137187e-25 1.000000000000000000e+00
1.246309074112927545e-23 1.000000000000000000e+00
1.902640668873800992e-25 1.000000000000000000e+00
2.715110802203409476e-22 1.000000000000000000e+00
1.252370815467684404e-24 1.000000000000000000e+00
5.227630056819412197e-26 1.000000000000000000e+00
3.134682677090446929e-24 1.000000000000000000e+00
1.718018891085613359e-23 1.000000000000000000e+00
2.217750891864424562e-22 1.000000000000000000e+00
2.557143010145395752e-24 1.000000000000000000e+00
8.857200267475066165e-26 1.000000000000000000e+00
2.132839405358862295e-01 7.867160594641138260e-01
2.130358867704126278e-24 1.000000000000000000e+00
1.931521128704411969e-22 1.000000000000000000e+00
1.499964449219098560e-20 1.000000000000000000e+00
1.895935897871604100e-23 1.000000000000000000e+00
3.546372397782215676e-25 1.000000000000000000e+00
5.000269841799362518e-21 1.000000000000000000e+00
1.112747556216451429e-24 1.000000000000000000e+00
2.934027811658995313e-25 1.000000000000000000e+00
6.748056432802520473e-23 1.000000000000000000e+00
1.657513394782195916e-22 1.000000000000000000e+00
5.272577355914394669e-23 1.000000000000000000e+00
5.506812865415664504e-01 4.493187134584336051e-01
4.554199096338436559e-01 5.445800903661562886e-01
1.480836672064168025e-01 8.519163327935831420e-01
1.139778065808676466e-01 8.860221934191323534e-01
2.282027270404230812e-24 1.000000000000000000e+00
1.089851511249447830e-23 1.000000000000000000e+00
6.027196260861474725e-02 9.397280373913852181e-01
1.360369496916192383e-02 9.863963050308380831e-01
7.527785878889318993e-02 9.247221412111067407e-01
1.349429227887035676e-01 8.650570772112964324e-01
4.238006171212034025e-03 9.957619938287879391e-01
4.804720865431394428e-02 9.519527913456860002e-01
5.226712987692844897e-02 9.477328701230716135e-01
2.193015658218734620e-01 7.806984341781265657e-01
8.365269765896828080e-02 9.163473023410316776e-01
1.932924947717093445e-01 8.067075052282907111e-01
8.267797021992762119e-01 1.732202978007237049e-01
9.695884351572523485e-01 3.041156484274767577e-02
7.519132345136524093e-23 1.000000000000000000e+00
3.680606977727777364e-21 1.000000000000000000e+00
1.477838104106207276e-22 1.000000000000000000e+00
8.401401141681581475e-01 1.598598858318417415e-01
9.558244725260027774e-01 4.417552747399729890e-02
2.998710240163760532e-01 7.001289759836240023e-01
9.597053048156364286e-01 4.029469518436360614e-02
2.723896786464068282e-24 1.000000000000000000e+00
6.813273938729834645e-23 1.000000000000000000e+00
5.000474638786683856e-02 9.499952536121331059e-01
1.436310895307843166e-22 1.000000000000000000e+00
5.092855960354691902e-01 4.907144039645308653e-01
5.211949932177808442e-01 4.788050067822191558e-01
1.325754736770019325e-21 1.000000000000000000e+00
5.161126275856406458e-21 1.000000000000000000e+00
1.418626554260350447e-01 8.581373445739648442e-01
8.891125104804651347e-01 1.108874895195348237e-01
9.625188811891698393e-01 3.748111881083014685e-02
5.122122479972971432e-01 4.877877520027029679e-01
8.915257058730932660e-02 9.108474294126905901e-01
2.343695813254974281e-01 7.656304186745025442e-01
6.975446214851328819e-02 9.302455378514867812e-01
6.539303715539198855e-03 9.934606962844608757e-01
7.807791562879878855e-01 2.192208437120120590e-01
1.121758060371063209e-01 8.878241939628936930e-01
6.374639727330182193e-02 9.362536027266981087e-01
1.901208284099694112e-01 8.098791715900306443e-01
6.876602627790148192e-01 3.123397372209851253e-01
5.997457694331822381e-03 9.940025423056682019e-01
6.740109153521086757e-22 1.000000000000000000e+00
8.530445651418829294e-24 1.000000000000000000e+00
7.470365721684651948e-24 1.000000000000000000e+00
3.595793763569326324e-24 1.000000000000000000e+00
2.891863870358971145e-22 1.000000000000000000e+00
5.964655355406035533e-23 1.000000000000000000e+00
1.399837547905461062e-24 1.000000000000000000e+00
8.798595277359582134e-01 1.201404722640416478e-01
3.976386374087717002e-01 6.023613625912282998e-01
7.827956616374535104e-01 2.172043383625463786e-01
4.291380214991149846e-22 1.000000000000000000e+00
2.408855564798973105e-24 1.000000000000000000e+00
4.787769610636742335e-01 5.212230389363258221e-01
8.377506618197972932e-01 1.622493381802027623e-01
2.552581173153214630e-02 9.744741882684678780e-01
3.837788646109326339e-22 1.000000000000000000e+00
4.785460089195560374e-02 9.521453991080444101e-01
1.874183239218449272e-03 9.981258167607816034e-01
2.221986023985094913e-02 9.777801397601491029e-01
1.832046169842106997e-01 8.167953830157893558e-01
7.001152607120783022e-01 2.998847392879216422e-01
2.356202687431097065e-01 7.643797312568904045e-01
8.534078762083180392e-01 1.465921237916820163e-01
1.412405927862404010e-21 1.000000000000000000e+00
2.456327833167320503e-24 1.000000000000000000e+00
3.621822687293262735e-23 1.000000000000000000e+00
2.860367747005738529e-23 1.000000000000000000e+00
1.200888458672502083e-23 1.000000000000000000e+00
1.178282858265576084e-02 9.882171714173442201e-01
3.747490800054468357e-02 9.625250919994552401e-01
7.502417850497148342e-03 9.924975821495027883e-01
3.969071446638359299e-21 1.000000000000000000e+00
4.072296971771934698e-02 9.592770302822806183e-01
1.792261885144260103e-01 8.207738114855740452e-01
1.025857169324097679e-01 8.974142830675901905e-01
1.175025274705579768e-21 1.000000000000000000e+00
1.864395289484390933e-22 1.000000000000000000e+00
1.690183806391316323e-01 8.309816193608683399e-01
5.839433047158831824e-01 4.160566952841168731e-01
8.849246158841163057e-01 1.150753841158837221e-01
8.293952485191961044e-01 1.706047514808039234e-01
5.433838591819257530e-22 1.000000000000000000e+00
1.109102692178519621e-22 1.000000000000000000e+00
3.302166963032072696e-23 1.000000000000000000e+00
1.376988805308529815e-22 1.000000000000000000e+00
8.556073825213669868e-22 1.000000000000000000e+00
1.515960149631220012e-21 1.000000000000000000e+00
2.327578367399668891e-01 7.672421632600331387e-01
2.626526361069259768e-02 9.737347363893075203e-01
6.011625196708526575e-01 3.988374803291474535e-01
2.455707170085232732e-02 9.754429282991476935e-01
2.390616731845875023e-22 1.000000000000000000e+00
1.026997901224696818e-24 1.000000000000000000e+00
9.538662878011978929e-03 9.904613371219880280e-01
9.477563171334101033e-03 9.905224368286659198e-01
5.904920588744343168e-02 9.409507941125565544e-01
7.367250132692927389e-01 2.632749867307073166e-01
9.357247488115152390e-01 6.427525118848487207e-02
2.464178978805667275e-01 7.535821021194333280e-01
9.947371997085169282e-01 5.262800291483162897e-03
9.143700673684377334e-01 8.562993263156229440e-02
5.391824508352851542e-01 4.608175491647147903e-01
5.051027184988554630e-01 4.948972815011446480e-01
7.302223345460594484e-01 2.697776654539406072e-01
1.680227201140655768e-01 8.319772798859343954e-01
4.983069626785769368e-01 5.016930373214231187e-01
8.482151350420267244e-01 1.517848649579733311e-01
5.070457594833185228e-02 9.492954240516682241e-01
2.224070816215518998e-01 7.775929183784481280e-01
1.851956889603567843e-23 1.000000000000000000e+00
1.627073754097944344e-23 1.000000000000000000e+00
7.550716643247862619e-23 1.000000000000000000e+00
9.141427960331155627e-23 1.000000000000000000e+00
1.058233765776758093e-24 1.000000000000000000e+00
1.027678334917437285e-03 9.989723216650825410e-01
3.894776881158389936e-01 6.105223118841610619e-01
6.739191419397179139e-01 3.260808580602820306e-01
5.449908732562837033e-01 4.550091267437163522e-01
9.423343322435756564e-01 5.766566775642426729e-02
2.900778739767198577e-01 7.099221260232800867e-01
7.584492335956674602e-02 9.241550766404332817e-01
7.394838983483214070e-03 9.926051610165167460e-01
4.057776507475499739e-23 1.000000000000000000e+00
1.591566494518774910e-01 8.408433505481226478e-01
2.127072326891275150e-02 9.787292767310872277e-01
6.709992716959559123e-02 9.329000728304044365e-01
5.458123875016206497e-24 1.000000000000000000e+00
6.365598539686950636e-24 1.000000000000000000e+00
1.241434191209095165e-23 1.000000000000000000e+00
5.021755394458490344e-22 1.000000000000000000e+00
5.501785514732667933e-24 1.000000000000000000e+00
1.091197855265102244e-24 1.000000000000000000e+00
1.454238605163931220e-23 1.000000000000000000e+00
4.890592544068084260e-22 1.000000000000000000e+00
7.792501703974015551e-22 1.000000000000000000e+00
1.452063669111877398e-01 8.547936330888122880e-01
4.313296217323475679e-02 9.568670378267651877e-01
1.870835302133760925e-01 8.129164697866240186e-01
2.368094303466688200e-01 7.631905696533313188e-01
3.649938558034571123e-01 6.350061441965428877e-01
3.724913171697501468e-01 6.275086828302499642e-01
1.377718493074815698e-01 8.622281506925184580e-01
4.606158818260865928e-01 5.393841181739134072e-01
9.263630552275400332e-01 7.363694477245986969e-02
5.108325216694054396e-21 1.000000000000000000e+00
1.521876502512878576e-24 1.000000000000000000e+00
3.231788838764750897e-23 1.000000000000000000e+00
1.422761011066834003e-01 8.577238988933164610e-01
4.773742834805897589e-02 9.522625716519409478e-01
7.205487115624797934e-02 9.279451288437519096e-01
6.981737192898802569e-01 3.018262807101198542e-01
9.907030078029892550e-01 9.296992197010809159e-03
7.655538429315443639e-22 1.000000000000000000e+00
2.057749792605486697e-24 1.000000000000000000e+00
1.008764006288820190e-24 1.000000000000000000e+00
3.608128594018601828e-04 9.996391871405980734e-01
1.852206469864036591e-24 1.000000000000000000e+00
5.895287432080265513e-24 1.000000000000000000e+00
4.612228301783857787e-02 9.538777169821615054e-01
3.376970958022881275e-01 6.623029041977118725e-01
7.948765806656571398e-01 2.051234193343428047e-01
5.772588916414111981e-01 4.227411083585886908e-01
5.675589116401283385e-02 9.432441088359871939e-01
4.156226480022889164e-02 9.584377351997711569e-01
3.240245423504374903e-03 9.967597545764956823e-01
4.661704285122877239e-02 9.533829571487711929e-01
1.042930358779218733e-02 9.895706964122077398e-01
3.400808251291331241e-01 6.599191748708669314e-01
5.238943373916661768e-03 9.947610566260833842e-01
3.913310298800683207e-02 9.608668970119932373e-01
9.154875686583640038e-01 8.451243134163610726e-02
5.572741710997776154e-01 4.427258289002223290e-01
4.293275947327636066e-01 5.706724052672363934e-01
8.493085926571294353e-01 1.506914073428705370e-01
1.794234792829058226e-22 1.000000000000000000e+00
4.091864527323627043e-02 9.590813547267637018e-01
4.193057419755906283e-03 9.958069425802441588e-01
8.534205096870325566e-03 9.914657949031296935e-01
2.325861738660316841e-02 9.767413826133969357e-01
7.337300196315564849e-01 2.662699803684435707e-01
4.399387915685875061e-01 5.600612084314124939e-01
1.553112785280509358e-23 1.000000000000000000e+00
1.157808490085405012e-25 1.000000000000000000e+00
3.560860759482249596e-21 1.000000000000000000e+00
3.645894661965537680e-23 1.000000000000000000e+00
1.841832463367850338e-22 1.000000000000000000e+00
8.468572805162156297e-03 9.915314271948377778e-01
2.077211194295445255e-23 1.000000000000000000e+00
5.897755577221311858e-21 1.000000000000000000e+00
2.220541792003491471e-21 1.000000000000000000e+00
7.362224121111026453e-23 1.000000000000000000e+00
1.902001954902540680e-23 1.000000000000000000e+00
2.605247663150253928e-23 1.000000000000000000e+00
1.351312643303859626e-23 1.000000000000000000e+00
1.278645051311818237e-26 1.000000000000000000e+00
2.893992448844514361e-21 1.000000000000000000e+00
1.857140254623745820e-22 1.000000000000000000e+00
1.380806483255791747e-23 1.000000000000000000e+00
3.394663686129699830e-23 1.000000000000000000e+00
5.306951424609789534e-24 1.000000000000000000e+00
5.949196896756827537e-24 1.000000000000000000e+00
1.049307726386417317e-22 1.000000000000000000e+00
2.753044138983585652e-23 1.000000000000000000e+00
9.201241053649843460e-01 7.987589463501570952e-02
8.549483143511515948e-01 1.450516856488484052e-01
9.126561850422020283e-01 8.734381495779809657e-02
5.654686113583679008e-02 9.434531388641631544e-01
1.245502468288957852e-02 9.875449753171103850e-01
1.206771106100516782e-25 1.000000000000000000e+00
1.186205031768221339e-22 1.000000000000000000e+00
2.727315304816102148e-23 1.000000000000000000e+00
4.402711097502449647e-24 1.000000000000000000e+00
6.984467388805202250e-22 1.000000000000000000e+00
8.703991172601198334e-23 1.000000000000000000e+00
2.125376996017684017e-22 1.000000000000000000e+00
1.275191715583353091e-01 8.724808284416646353e-01
5.779623209469448956e-03 9.942203767905305467e-01
5.398361879470314761e-01 4.601638120529684683e-01
4.505204838362945607e-01 5.494795161637053837e-01
3.343741098238493109e-02 9.665625890176151591e-01
9.085822697762242859e-24 1.000000000000000000e+00
3.420399151272898053e-23 1.000000000000000000e+00
3.753273652991583748e-02 9.624672634700842666e-01
6.061365449427832258e-02 9.393863455057216427e-01
9.381120402357653876e-02 9.061887959764234335e-01
2.400696373662635497e-01 7.599303626337363671e-01
5.709272809638819002e-01 4.290727190361181553e-01
5.829788289244483025e-20 1.000000000000000000e+00
1.900417719121371840e-24 1.000000000000000000e+00
5.175130408100032529e-22 1.000000000000000000e+00
4.678034332553200097e-24 1.000000000000000000e+00
8.425221001811338106e-24 1.000000000000000000e+00
3.110545071919112614e-23 1.000000000000000000e+00
4.284024098973249260e-24 1.000000000000000000e+00
4.972688417050584932e-25 1.000000000000000000e+00
2.264619653374418559e-24 1.000000000000000000e+00
5.778787233799177574e-03 9.942212127662007903e-01
3.096376021532452235e-21 1.000000000000000000e+00
1.130654943718474963e-24 1.000000000000000000e+00
6.879171089055291062e-23 1.000000000000000000e+00
3.560564696957213231e-24 1.000000000000000000e+00
4.008137108624796090e-24 1.000000000000000000e+00
1.308604430753426953e-22 1.000000000000000000e+00
3.087680655051254469e-23 1.000000000000000000e+00
1.487469410611957603e-25 1.000000000000000000e+00
1.161994806395581305e-23 1.000000000000000000e+00
4.791808291774856869e-23 1.000000000000000000e+00
6.244365552171182985e-24 1.000000000000000000e+00
8.523761516827027310e-24 1.000000000000000000e+00
6.668440537958834619e-25 1.000000000000000000e+00
8.200232492759188844e-22 1.000000000000000000e+00
1.279484707206338275e-25 1.000000000000000000e+00
6.860853106840802962e-02 9.313914689315919704e-01
2.565258414264341702e-02 9.743474158573565136e-01
9.530884953428935269e-01 4.691150465710640372e-02
9.943079329365446251e-01 5.692067063455423515e-03
8.198250047879167379e-22 1.000000000000000000e+00
2.104481773916291474e-22 1.000000000000000000e+00
6.029993766253816112e-01 3.970006233746184443e-01
1.041069062557920394e-01 8.958930937442078912e-01
4.547265435324078231e-01 5.452734564675920659e-01
1.156248106652073976e-01 8.843751893347926440e-01
1.887429466803067224e-01 8.112570533196932221e-01
8.128904172469041400e-01 1.871095827530957212e-01
1.863409333695846201e-02 9.813659066630414651e-01
6.957582145824602327e-01 3.042417854175397673e-01
2.421360877568033421e-01 7.578639122431966024e-01
1.358561989120811997e-01 8.641438010879187726e-01
1.295402707123126558e-02 9.870459729287688333e-01
2.708005924075908011e-01 7.291994075924091989e-01
7.566691109817400562e-01 2.433308890182599438e-01
1.114225584230331273e-01 8.885774415769669421e-01
3.813464271190952423e-03 9.961865357288091083e-01
7.301218751614366176e-02 9.269878124838563105e-01
2.640662671918101671e-03 9.973593373280819074e-01
2.971032959918693733e-23 1.000000000000000000e+00
4.369915328842081260e-22 1.000000000000000000e+00
1.375982065170201774e-01 8.624017934829797394e-01
1.781081470361051411e-01 8.218918529638948867e-01
1.296354456974200819e-01 8.703645543025799736e-01
3.180555684987591939e-25 1.000000000000000000e+00
4.722119944853934258e-22 1.000000000000000000e+00
3.781824918520582905e-23 1.000000000000000000e+00
5.362871337773116079e-23 1.000000000000000000e+00
3.224135162454785236e-03 9.967758648375452113e-01
2.318967618050647161e-01 7.681032381949352006e-01
1.801792879574856676e-02 9.819820712042514055e-01
1.717022186930353674e-22 1.000000000000000000e+00
1.432009950983785202e-23 1.000000000000000000e+00
1.698569686501180619e-22 1.000000000000000000e+00
8.753852834014976320e-23 1.000000000000000000e+00
1.244374625355297408e-02 9.875562537464470658e-01
1.128134406403087375e-01 8.871865593596912625e-01
5.875616482456824663e-01 4.124383517543174782e-01
8.229176024780017196e-01 1.770823975219982527e-01
9.906994511036809614e-01 9.300548896318946643e-03
8.563631058946525876e-01 1.436368941053473847e-01
3.697330332012102223e-23 1.000000000000000000e+00
1.103633462787455300e-23 1.000000000000000000e+00
5.738757815686702951e-23 1.000000000000000000e+00
3.519139855789861143e-23 1.000000000000000000e+00
7.880731818268323661e-25 1.000000000000000000e+00
1.992734509224665410e-25 1.000000000000000000e+00
4.099098420613961867e-03 9.959009015793861552e-01
8.997922157681649546e-02 9.100207784231834074e-01
5.464343586896840410e-01 4.535656413103159590e-01
2.089844780150002801e-01 7.910155219849996922e-01
3.145016203548748890e-01 6.854983796451250555e-01
8.464284936916022239e-01 1.535715063083976928e-01
4.761821788833812130e-01 5.238178211166188980e-01
2.281027655270946863e-01 7.718972344729053692e-01
1.186181408308416146e-01 8.813818591691583437e-01
1.247435402410282806e-01 8.752564597589717055e-01
6.061561257775065908e-02 9.393843874222493895e-01
5.723261429403702083e-01 4.276738570596297917e-01
7.036105581532462461e-01 2.963894418467537539e-01
9.040666968660883152e-01 9.593330313391174036e-02
9.606811840537670122e-01 3.931881594623302251e-02
8.681309022721882540e-01 1.318690977278117182e-01
9.699094877237048884e-01 3.009051227629517059e-02
7.906397129229955079e-01 2.093602870770045754e-01
6.812721422780088842e-21 1.000000000000000000e+00
9.462722252938969362e-22 1.000000000000000000e+00
2.285453131633939190e-25 1.000000000000000000e+00
3.870959614196512319e-22 1.000000000000000000e+00
2.544266754363924132e-01 7.455733245636075868e-01
2.771184394954967362e-21 1.000000000000000000e+00
3.170815169932745940e-24 1.000000000000000000e+00
4.841726399349199350e-01 5.158273600650800095e-01
9.224407770435708587e-01 7.755922295642919684e-02
7.870753053619657935e-01 2.129246946380342620e-01
7.432028304204086888e-01 2.567971695795913667e-01
4.636115715145387971e-21 1.000000000000000000e+00
3.683929137654836103e-22 1.000000000000000000e+00
2.757288683645173767e-25 1.000000000000000000e+00
4.956169045554988102e-22 1.000000000000000000e+00
9.133136987390306485e-23 1.000000000000000000e+00
6.808248762088450808e-21 1.000000000000000000e+00
2.619800041959133212e-24 1.000000000000000000e+00
3.959810375362647737e-25 1.000000000000000000e+00
6.088524181741323749e-24 1.000000000000000000e+00
2.360517464421159554e-22 1.000000000000000000e+00
1.141180823062571036e-20 1.000000000000000000e+00
5.883789344394559084e-02 9.411621065560544785e-01
7.440287704214954001e-01 2.559712295785045999e-01
2.260922654733205435e-22 1.000000000000000000e+00
9.958983061919758917e-25 1.000000000000000000e+00
5.362716913395893198e-26 1.000000000000000000e+00
7.695953352797525737e-02 9.230404664720247565e-01
6.938352897782594508e-02 9.306164710221740410e-01
4.622995609970313673e-24 1.000000000000000000e+00
4.590944769937843702e-24 1.000000000000000000e+00
3.276118063624335330e-01 6.723881936375664115e-01
9.774420431217228922e-01 2.255795687827721885e-02
1.197756286166672617e-20 1.000000000000000000e+00
7.924608861018702603e-23 1.000000000000000000e+00
9.370730927712840864e-24 1.000000000000000000e+00
5.985742010362076624e-24 1.000000000000000000e+00
2.357286143673407164e-22 1.000000000000000000e+00
7.383766552261132876e-01 2.616233447738866014e-01
6.525598498928272262e-01 3.474401501071728293e-01
2.221607078799572865e-01 7.778392921200426580e-01
8.129066246678998686e-01 1.870933753321000759e-01
8.559223605256044420e-01 1.440776394743956412e-01
1.485352954349132282e-01 8.514647045650867163e-01
5.084987049488567390e-01 4.915012950511431500e-01
9.868468584069527427e-01 1.315314159304717401e-02
4.965624625755653276e-02 9.503437537424435089e-01
3.069176321150713037e-24 1.000000000000000000e+00
5.628918606908361943e-24 1.000000000000000000e+00
4.168714642014787891e-25 1.000000000000000000e+00
2.497273998816911132e-23 1.000000000000000000e+00
2.277746789169708464e-23 1.000000000000000000e+00
8.271497283270856649e-02 9.172850271672914335e-01
6.343536110110599147e-01 3.656463889889400298e-01
9.556731217245911791e-01 4.432687827540877923e-02
8.788851102029161533e-01 1.211148897970838328e-01
2.294931592545681326e-02 9.770506840745430965e-01
3.671893161396332789e-03 9.963281068386036221e-01
2.254932948909765256e-01 7.745067051090235299e-01
7.676087568254817695e-02 9.232391243174518092e-01
4.230743507739589265e-02 9.576925649226041282e-01
7.807182771225735202e-23 1.000000000000000000e+00
3.473419563429091528e-01 6.526580436570907917e-01
2.155690767948830744e-01 7.844309232051168701e-01
3.696063974231910132e-01 6.303936025768089868e-01
8.848284972275777260e-01 1.151715027724223295e-01
3.143292765578452053e-01 6.856707234421548502e-01
1.101702062933420934e-01 8.898297937066579344e-01
2.341642133071716869e-01 7.658357866928282576e-01
3.964688897239787568e-01 6.035311102760212432e-01
3.731738045900813705e-01 6.268261954099186850e-01
3.778527174806152081e-21 1.000000000000000000e+00
1.992783646162665364e-23 1.000000000000000000e+00
2.969965067924353330e-01 7.030034932075646115e-01
2.141449930483103528e-22 1.000000000000000000e+00
2.674645728345498991e-02 9.732535427165450725e-01
1.536527856064466291e-01 8.463472143935533154e-01
6.633545436481232960e-01 3.366454563518765930e-01
1.697597671805526620e-01 8.302402328194472547e-01
5.989025795808193249e-04 9.994010974204191600e-01
1.258710426805275395e-01 8.741289573194724882e-01
2.823226037962147661e-01 7.176773962037853449e-01
5.293843948101619734e-01 4.706156051898380266e-01
4.693003004563275765e-24 1.000000000000000000e+00
1.287035389512501820e-23 1.000000000000000000e+00
3.798770176790880026e-21 1.000000000000000000e+00
2.865703590870081752e-01 7.134296409129917693e-01
1.747254553769432561e-01 8.252745446230567161e-01
5.136531343694785701e-01 4.863468656305214299e-01
3.251844401620249125e-02 9.674815559837974810e-01
3.155210484062366816e-01 6.844789515937632629e-01
1.942293050921044539e-01 8.057706949078956571e-01
1.811666410170131580e-01 8.188333589829869252e-01
8.207993075308130104e-02 9.179200692469186018e-01
9.793151282869095864e-01 2.068487171309042749e-02
6.961599574480731301e-01 3.038400425519269255e-01
5.233765852092201465e-01 4.766234147907797980e-01
6.439752868753161330e-01 3.560247131246839225e-01
9.529706961509055718e-01 4.702930384909455308e-02
9.307129280022254925e-01 6.928707199777438264e-02
9.757846112336331368e-01 2.421538876636693954e-02
9.757499165071898961e-01 2.425008349281001369e-02
2.579989598568971166e-20 1.000000000000000000e+00
3.286170513461570287e-03 9.967138294865384163e-01
2.579057071734720472e-02 9.742094292826527502e-01
1.340369420752326817e-20 1.000000000000000000e+00
1.215471058813588356e-01 8.784528941186412476e-01
2.124350786514757367e-22 1.000000000000000000e+00
3.048052880598990027e-22 1.000000000000000000e+00
6.011747044843360391e-26 1.000000000000000000e+00
6.151964877377894686e-02 9.384803512262210878e-01
1.094174930483250430e-01 8.905825069516749570e-01
7.002814956425157389e-01 2.997185043574843166e-01
1.787662887450381273e-22 1.000000000000000000e+00
8.554532107787101566e-23 1.000000000000000000e+00
9.946941873030224538e-22 1.000000000000000000e+00
4.140427656545605998e-22 1.000000000000000000e+00
6.392568792224051125e-25 1.000000000000000000e+00
4.657292337166289572e-22 1.000000000000000000e+00
3.888699225867790463e-21 1.000000000000000000e+00
4.876512849827807501e-22 1.000000000000000000e+00
1.125176539588526037e-01 8.874823460411473963e-01
9.548580753566190404e-01 4.514192464338097344e-02
2.349637693648708985e-20 1.000000000000000000e+00
5.971860788764983900e-20 1.000000000000000000e+00
2.932304569177042464e-02 9.706769543082296448e-01
7.885574022017898255e-01 2.114425977982100913e-01
9.759189868998359163e-01 2.408101310016416002e-02
6.972794269719031490e-01 3.027205730280967955e-01
6.937292141788293787e-01 3.062707858211706213e-01
9.988467982081493668e-01 1.153201791850652289e-03
6.350116206487123049e-01 3.649883793512876395e-01
9.668961182311981428e-01 3.310388176880176697e-02
8.659126117020260471e-01 1.340873882979739806e-01
1.311405693492148317e-21 1.000000000000000000e+00
2.497834339061347090e-24 1.000000000000000000e+00
1.403783301844023501e-01 8.596216698155977332e-01
1.510577316518038095e-02 9.848942268348196416e-01
6.668971345133347805e-23 1.000000000000000000e+00
7.257543916561749359e-24 1.000000000000000000e+00
6.410305177683569555e-01 3.589694822316430445e-01
4.261813343577919994e-02 9.573818665642208625e-01
9.018833517563629165e-01 9.811664824363706960e-02
4.762613670985871295e-01 5.237386329014129815e-01
5.632325401246902619e-01 4.367674598753097381e-01
2.642509769430204658e-01 7.357490230569796452e-01
7.129736768002457037e-01 2.870263231997543518e-01
1.393215244789732998e-21 1.000000000000000000e+00
1.038943135846536064e-23 1.000000000000000000e+00
1.063833244924222311e-24 1.000000000000000000e+00
1.733019571325657981e-01 8.266980428674342019e-01
2.605134339063857607e-01 7.394865660936141838e-01
5.284594904871786625e-01 4.715405095128213375e-01
3.540746767263890371e-01 6.459253232736109629e-01
7.742892423034031767e-03 9.922571075769660576e-01
1.250632346210298340e-01 8.749367653789702493e-01
1.659455264582009593e-01 8.340544735417990685e-01
9.469107514732689745e-01 5.308924852673090056e-02
1.618415706222913614e-02 9.838158429377709124e-01
8.782575781164249362e-02 9.121742421883574092e-01
2.352598969323693029e-02 9.764740103067630628e-01
3.310010766558139916e-02 9.668998923344185314e-01
7.429706047275003167e-01 2.570293952724996833e-01
3.004666263159894712e-01 6.995333736840105843e-01
5.348551937929900413e-03 9.946514480620701759e-01
1.438024402445906014e-01 8.561975597554093431e-01
8.566166702677666227e-23 1.000000000000000000e+00
2.904208546728406618e-22 1.000000000000000000e+00
7.056880279607040616e-25 1.000000000000000000e+00
1.396314089340906229e-21 1.000000000000000000e+00
9.589199873533216830e-23 1.000000000000000000e+00
5.132432587429702922e-24 1.000000000000000000e+00
4.494153471042612675e-22 1.000000000000000000e+00
2.486889069259368635e-24 1.000000000000000000e+00
3.393726124307879649e-02 9.660627387569210578e-01
4.399688111884615949e-01 5.600311888115383496e-01
9.767674741782804704e-01 2.323252582171950881e-02
2.794752934037391112e-01 7.205247065962608888e-01
7.020678005358375884e-02 9.297932199464162828e-01
3.671330345179338872e-01 6.328669654820661128e-01
4.969451133323701408e-24 1.000000000000000000e+00
1.228761356083661134e-23 1.000000000000000000e+00
6.912835358991384544e-22 1.000000000000000000e+00
9.286263520687264593e-23 1.000000000000000000e+00
6.420465246359776668e-01 3.579534753640223332e-01
5.139223584482308649e-01 4.860776415517690796e-01
9.409291018153668196e-01 5.907089818463320124e-02
5.737598502376940468e-01 4.262401497623060087e-01
7.270237370564868185e-01 2.729762629435132371e-01
3.660596437557309124e-02 9.633940356244269365e-01
1.210356534955309149e-02 9.878964346504469640e-01
3.095103175720191960e-02 9.690489682427980700e-01
3.954853682053300901e-01 6.045146317946699099e-01
2.227840984443175271e-02 9.777215901555682542e-01
7.524666884544384260e-01 2.475333115455615740e-01
8.992953120902222874e-01 1.007046879097777403e-01
1.537398366042749820e-01 8.462601633957250735e-01
2.680499784151920248e-26 1.000000000000000000e+00
3.296650952566570955e-23 1.000000000000000000e+00
1.903813910052547486e-23 1.000000000000000000e+00
1.184213723605840770e-25 1.000000000000000000e+00
2.974562938738869876e-22 1.000000000000000000e+00
2.291719090038005503e-23 1.000000000000000000e+00
1.189867349576266762e-22 1.000000000000000000e+00
5.480732999637032536e-23 1.000000000000000000e+00
3.402344731705227037e-23 1.000000000000000000e+00
7.210920534873278513e-23 1.000000000000000000e+00
2.891197867095921270e-22 1.000000000000000000e+00
3.063005830538108051e-25 1.000000000000000000e+00
1.060818655463194286e-22 1.000000000000000000e+00
1.943571878111549927e-22 1.000000000000000000e+00
9.495452474796381861e-23 1.000000000000000000e+00
5.148664563976248077e-21 1.000000000000000000e+00
6.398570356744801749e-24 1.000000000000000000e+00
2.056079240535510222e-01 7.943920759464490056e-01
1.087576205638771110e-02 9.891242379436122611e-01
2.355114981870652310e-02 9.764488501812935706e-01
1.191744851485441598e-01 8.808255148514558819e-01
4.696346638160107667e-01 5.303653361839891778e-01
2.968057997294031476e-23 1.000000000000000000e+00
3.358818736481625832e-22 1.000000000000000000e+00
4.592556737918559806e-27 1.000000000000000000e+00
6.811591938754543003e-24 1.000000000000000000e+00
2.020167666337242681e-22 1.000000000000000000e+00
2.295405910797918874e-24 1.000000000000000000e+00
1.739367135052030666e-24 1.000000000000000000e+00
2.600654671663861449e-21 1.000000000000000000e+00
1.017329970822132904e-23 1.000000000000000000e+00
2.683097358248135261e-22 1.000000000000000000e+00
9.333486960160494653e-23 1.000000000000000000e+00
1.911808757732880229e-23 1.000000000000000000e+00
2.735473619912337751e-24 1.000000000000000000e+00
9.061036899634445918e-01 9.389631003655546371e-02
4.941465224900193354e-02 9.505853477509980110e-01
7.410352893643937788e-01 2.589647106356062212e-01
7.565392476550268919e-01 2.434607523449730526e-01
6.039995751914020161e-01 3.960004248085979284e-01
3.950432496705297281e-01 6.049567503294703830e-01
4.886018826085984645e-02 9.511398117391401952e-01
1.486289773917161430e-23 1.000000000000000000e+00
1.535774231431706416e-24 1.000000000000000000e+00
5.927525533446417425e-25 1.000000000000000000e+00
1.054749481276629402e-21 1.000000000000000000e+00
4.980396644370296776e-22 1.000000000000000000e+00
3.262762520460215088e-01 6.737237479539784912e-01
2.039350174512229996e-01 7.960649825487770004e-01
3.058488662083634833e-22 1.000000000000000000e+00
3.831004682640692244e-02 9.616899531735930706e-01
7.325065043205293558e-02 9.267493495679470783e-01
7.975377668115271046e-01 2.024622331884728121e-01
3.730564306453172385e-01 6.269435693546827615e-01
5.792429093674141827e-01 4.207570906325857618e-01
5.213070494259518933e-02 9.478692950574049148e-01
3.224372579897988104e-22 1.000000000000000000e+00
1.500647259605547568e-01 8.499352740394452432e-01
2.443421861037682954e-02 9.755657813896231323e-01
2.434600109603074769e-01 7.565399890396924398e-01
6.077822585090213448e-01 3.922177414909787108e-01
9.492937299645502758e-02 9.050706270035449030e-01
1.723371877471663871e-01 8.276628122528335574e-01
1.289895366169943047e-01 8.710104633830056953e-01
3.663486695244766445e-01 6.336513304755233555e-01
1.987260983712651197e-01 8.012739016287350191e-01
2.296426386387585838e-01 7.703573613612413329e-01
8.956804418431082618e-24 1.000000000000000000e+00
4.721101476444189472e-23 1.000000000000000000e+00
8.999554284046372111e-25 1.000000000000000000e+00
4.381349745313061558e-24 1.000000000000000000e+00
1.121210179589516607e-22 1.000000000000000000e+00
1.045628692581912489e-01 8.954371307418088621e-01
1.855774434895074154e-01 8.144225565104925568e-01
1.815030973367500189e-01 8.184969026632499256e-01
2.582670713009415642e-01 7.417329286990584913e-01
5.852108257807975278e-02 9.414789174219202472e-01
1.101993072954379871e-22 1.000000000000000000e+00
5.644044876023813659e-24 1.000000000000000000e+00
1.376515257857239583e-25 1.000000000000000000e+00
6.427277171331389569e-25 1.000000000000000000e+00
2.239558250929228314e-25 1.000000000000000000e+00
8.261115853315189596e-24 1.000000000000000000e+00
3.446181372683051469e-25 1.000000000000000000e+00
1.421188626275885769e-01 8.578811373724113398e-01
9.123342832569977801e-03 9.908766571674300083e-01
9.903289631075268273e-01 9.671036892473162255e-03
8.671753236780436191e-01 1.328246763219563253e-01
6.582344174078410548e-01 3.417655825921590007e-01
6.261243233641622385e-01 3.738756766358377615e-01
6.610479853710377052e-01 3.389520146289622948e-01
8.647000112321402421e-01 1.352999887678597579e-01
7.981270636569399723e-01 2.018729363430599721e-01
1.750410676608868676e-01 8.249589323391131046e-01
8.482257363157600372e-01 1.517742636842399073e-01
2.281541614353508121e-02 9.771845838564648945e-01
1.618451360571065700e-01 8.381548639428932912e-01
3.468383695305834458e-01 6.531616304694164432e-01
9.001835150632945259e-01 9.981648493670552957e-02
7.387375291464249871e-01 2.612624708535750684e-01
7.605698132526671484e-01 2.394301867473328238e-01
2.490249778790585289e-01 7.509750221209415821e-01
3.366612660111762412e-01 6.633387339888239254e-01
2.042576941454897284e-23 1.000000000000000000e+00
1.724843728846312203e-24 1.000000000000000000e+00
1.596957010298299104e-22 1.000000000000000000e+00
7.567614922185935699e-25 1.000000000000000000e+00
4.420775745384568356e-02 9.557922425461542471e-01
1.250523606521506998e-22 1.000000000000000000e+00
1.477505337149831740e-21 1.000000000000000000e+00
3.517619052191796695e-24 1.000000000000000000e+00
5.297630915214976273e-23 1.000000000000000000e+00
5.893087161233985461e-25 1.000000000000000000e+00
2.434857396118943473e-01 7.565142603881056527e-01
1.075053495276196425e-01 8.924946504723804130e-01
2.192368230333014145e-01 7.807631769666985022e-01
7.205123556179491295e-01 2.794876443820508705e-01
9.789949570475479090e-01 2.100504295245216729e-02
1.621921416572046359e-01 8.378078583427952530e-01
1.521615903190560830e-02 9.847838409680943483e-01
1.365226046719750508e-01 8.634773953280249215e-01
1.660334346991824417e-01 8.339665653008175861e-01
1.538931497601346843e-01 8.461068502398653157e-01
8.307049966791653361e-02 9.169295003320834248e-01
5.807230947192800752e-01 4.192769052807199248e-01
2.154915143670718355e-21 1.000000000000000000e+00
6.984707257316642528e-24 1.000000000000000000e+00
1.034139791496715670e-23 1.000000000000000000e+00
1.692177687678741485e-22 1.000000000000000000e+00
2.203151968211131116e-21 1.000000000000000000e+00
2.972069187286960293e-22 1.000000000000000000e+00
9.410938316227952075e-23 1.000000000000000000e+00
9.687769742671148933e-24 1.000000000000000000e+00
1.821799836220484485e-23 1.000000000000000000e+00
1.569041314629541463e-21 1.000000000000000000e+00
1.732529760082224812e-01 8.267470239917775743e-01
5.942502208396437391e-01 4.057497791603562609e-01
1.351192494622248663e-01 8.648807505377751337e-01
2.394446649521613305e-02 9.760555335047839121e-01
2.291983695678950078e-02 9.770801630432105478e-01
1.725026282646931948e-23 1.000000000000000000e+00
1.754298745052694342e-21 1.000000000000000000e+00
4.183597398449234246e-22 1.000000000000000000e+00
8.499957648339659944e-01 1.500042351660339779e-01
1.440992027729395840e-21 1.000000000000000000e+00
4.124819133258970156e-24 1.000000000000000000e+00
1.969172820916827962e-23 1.000000000000000000e+00
7.117797517219637271e-01 2.882202482780363839e-01
4.779887908891486958e-01 5.220112091108513042e-01
1.730277859261653284e-01 8.269722140738346994e-01
1.008556592237052637e-24 1.000000000000000000e+00
5.974196430807442189e-24 1.000000000000000000e+00
