4.94162912686843e-90 1.0
2.7466245228395033e-117 1.0
1.0544210497099219e-104 1.0
9.073389217346386e-124 1.0
7.88622617141236e-111 1.0
1.47422285087847e-107 1.0
1.0 1.28709714995472e-62
1.0 2.3741665589069115e-71
1.0 2.6395476925892426e-68
1.0 1.7706744970911322e-61
1.0 1.0532130942090852e-60
1.0 3.879862681466053e-71
1.0 1.3014204013977468e-59
1.0 6.86007586979588e-66
1.0 3.5508970203481615e-70
1.0 2.3699981099648147e-73
2.690845456256698e-102 1.0
2.1751450071695314e-112 1.0
5.928701966112787e-111 1.0
2.579965042355287e-121 1.0
1.0 8.242534674219213e-64
1.0 2.9405355389856826e-53
1.0 1.4151799257560786e-68
3.4083677412417597e-90 1.0
1.0 2.9325578547739156e-69
1.0 2.7449995831105376e-57
1.0 1.0830402895227396e-56
1.0 1.319248562208977e-51
1.0 4.54144374314084e-70
1.0 3.613373866330603e-57
1.0 7.452061861864109e-57
1.0 8.662517559791517e-64
8.513544878614276e-93 1.0
5.219396822778128e-112 1.0
1.0 2.31922078313155e-72
1.0 8.107457976271825e-60
1.0 2.6489009535897153e-61
1.0 1.741055409576786e-69
1.0 1.1293550538228238e-52
1.0 2.1036276651239323e-72
6.011095631121377e-92 1.0
3.120915983101231e-110 1.0
4.267605364265797e-112 1.0
1.0 7.937442724793726e-53
1.0 3.1387119392262816e-55
2.762637663312863e-109 1.0
1.1376266506727282e-96 1.0
1.2175795187428149e-88 1.0
1.2918199597444688e-133 1.0
4.2672802410237725e-108 1.0
1.6609157577464712e-106 1.0
5.193102463696579e-117 1.0
1.0 2.849252337659498e-65
2.030627973590316e-104 1.0
1.0 2.740692088094755e-65
1.0 2.2788036236802568e-66
1.0 1.964698225692023e-61
1.4300822688821247e-113 1.0
1.0 1.19635038801573e-66
1.0 2.9028308566744025e-63
4.3170504614450566e-119 1.0
1.0 2.217876065891732e-53
1.0 6.140277014528183e-58
1.0 1.7518874646755772e-71
2.060629046615205e-142 1.0
1.0 3.6873738508751946e-61
1.0 4.878221800535945e-73
1.0 1.352029254719635e-58
1.0 3.4702358415205417e-59
1.0 5.886971455519026e-70
1.0 2.647942165696416e-66
2.6971516275943146e-103 1.0
5.903999116396449e-80 1.0
1.2546249249209243e-111 1.0
5.157158987450093e-79 1.0
1.3744807569109035e-118 1.0
2.912021576213958e-122 1.0
4.223970085866058e-116 1.0
3.0636591702870775e-92 1.0
5.105679514035671e-103 1.0
2.4536350621301095e-102 1.0
1.0 9.805781816584545e-62
1.0 3.3538184687767892e-59
1.0 9.403254980523235e-67
1.0 2.549923095858818e-65
1.0 2.4917047203800684e-58
9.449450814930656e-109 1.0
9.572542720030269e-94 1.0
1.760463428600923e-126 1.0
1.6216550494808886e-124 1.0
6.363666252502801e-95 1.0
1.7035912038051565e-107 1.0
1.1938289221553129e-84 1.0
7.183726608671401e-107 1.0
7.663475438242295e-103 1.0
1.0673233717383062e-105 1.0
1.0 2.0581997054782854e-59
1.0 1.4353420944862684e-62
1.0 1.7159534994408204e-73
2.5581067286644008e-126 1.0
8.913492775010031e-109 1.0
5.789242823836307e-114 1.0
6.122849725404216e-104 1.0
1.1801538964326465e-98 1.0
5.952574179681327e-108 1.0
3.3307272747360238e-115 1.0
1.536372155999027e-87 1.0
7.588331915759724e-140 1.0
1.7426503507066517e-112 1.0
1.5908236834328536e-90 1.0
1.0 6.054853022541357e-71
3.5202791758478986e-98 1.0
2.4790605464909805e-81 1.0
9.569736796931487e-89 1.0
1.0 6.225805613244e-67
1.0 2.275833391628181e-71
1.0 3.7631351439812304e-68
1.0 4.804530559081812e-62
1.0 1.6651579515688673e-52
1.0 6.4332811353173375e-55
4.618047043101515e-123 1.0
7.923906637741495e-105 1.0
1.3472197982462027e-113 1.0
2.109636106562467e-111 1.0
1.0 2.7022317587828088e-59
1.0 2.88156139096584e-69
1.0 3.670763329411312e-63
1.0 9.03183270350886e-55
1.0 3.800434712945634e-67
1.0 2.4954510078501043e-72
1.0 2.80953233980266e-68
1.0 3.216375821752305e-61
1.0 1.7089012962797166e-67
6.092094638836781e-118 1.0
3.992150659168394e-121 1.0
5.065628576740368e-105 1.0
1.0 8.294922083104773e-64
1.0 4.395690069963365e-68
1.0 1.4782711117918284e-60
1.5679497808555364e-122 1.0
3.0792835737730124e-114 1.0
1.7146690042485995e-121 1.0
1.0 3.5750379757242485e-59
1.0 2.5359723838971506e-58
1.0 2.383498496090559e-61
1.0 8.252415417132893e-64
1.0 3.2116167336500304e-69
1.0 8.609054896448082e-69
1.0 1.0368009273582518e-72
4.585343101014986e-100 1.0
1.0 2.539676076924723e-60
3.5118453275971205e-105 1.0
6.705644429757112e-90 1.0
1.862716185169219e-105 1.0
5.731931059168087e-104 1.0
1.4286778236589048e-106 1.0
2.505053044036646e-121 1.0
9.48179552490602e-118 1.0
2.158060926940896e-96 1.0
1.4098756404595884e-128 1.0
1.1547232925031783e-137 1.0
4.15281420821707e-111 1.0
1.8079301312925085e-131 1.0
1.0 9.404342332455132e-70
1.0 3.044701239828638e-67
1.0 1.0625825136675063e-57
1.0 1.560574271037917e-63
1.0 1.9034239540500953e-66
1.0 1.3875321848543645e-72
1.0 2.41672910246959e-55
1.0 6.808170397242378e-72
1.0 4.672410567658523e-69
1.0 2.8263297226511794e-62
1.5453004402606434e-103 1.0
1.5288585956141853e-107 1.0
1.4190165743580995e-126 1.0
5.165374765893626e-93 1.0
7.986848466384739e-122 1.0
8.708743411958993e-122 1.0
5.733209997866604e-106 1.0
5.4215576684324975e-107 1.0
3.2124843152436244e-105 1.0
1.7262778150204149e-127 1.0
1.0 3.990149523130843e-64
1.0 1.1723534706992367e-62
1.0 3.261087431380714e-61
1.0 4.6294210005139814e-70
1.0 2.7345504738926275e-56
9.481704258913672e-109 1.0
2.3286620555886706e-90 1.0
3.708013874785998e-98 1.0
1.0 3.836470227428265e-68
1.0 4.5941196734722074e-55
1.0 5.498314569346062e-63
1.0 1.0695577620782956e-63
1.0 1.8878081390933326e-74
1.0 8.375167086404828e-69
1.0 7.898011854746611e-55
1.0 1.5231408287328292e-63
1.0 8.83819332172359e-72
1.0 4.776029466625889e-71
6.189434583481386e-92 1.0
1.8664917258996563e-103 1.0
7.366428256008717e-107 1.0
1.0 7.364828719574543e-67
2.288631587006277e-89 1.0
4.3965033023776285e-108 1.0
6.981810905109146e-130 1.0
2.4374675554864366e-94 1.0
1.4683848922106898e-100 1.0
7.47161747577538e-91 1.0
6.756761740614495e-128 1.0
5.749417060263413e-120 1.0
5.5244955265260916e-108 1.0
3.948019717350806e-99 1.0
1.0930611336606398e-116 1.0
6.387544740091343e-92 1.0
1.0 1.7631867193328072e-58
1.0 3.9180204492044275e-66
1.0 1.0591875849797888e-63
1.0 3.0621091055046107e-61
1.0 8.590394774690361e-70
1.0 7.075500473972491e-59
1.0 6.320482007993393e-68
7.0061082803301976e-133 1.0
2.214126959356441e-120 1.0
3.547288360232568e-101 1.0
8.416040637770507e-87 1.0
3.6387394796227934e-78 1.0
4.5715159921521336e-104 1.0
1.1223648914002397e-107 1.0
6.29803650508268e-127 1.0
7.290210973942743e-113 1.0
9.644736850642956e-127 1.0
8.687349671785752e-102 1.0
8.115618555833648e-107 1.0
1.0 1.816845022259349e-62
1.0 5.1137852717684276e-67
2.76304560028391e-105 1.0
1.797206359760447e-108 1.0
1.4051318312852822e-108 1.0
6.052246798667583e-94 1.0
1.0 3.811647072618193e-62
1.0 5.139861839805121e-56
1.0 5.559577475072774e-55
1.0 3.340653173810866e-59
1.0 1.3765035500813512e-69
1.0 6.764166136281552e-68
1.0 2.595488742608172e-56
1.0 8.892566149376366e-72
1.0 8.379792863053793e-62
1.0 2.371163373810856e-64
1.0 1.1030091961530556e-64
1.0 2.4338525274728965e-62
1.0 1.8374435393241041e-65
1.0 3.4467082599102677e-69
1.0 2.068235898145093e-74
1.0 5.449091355955659e-69
1.0 9.17586546088505e-65
1.0 1.5032463621841736e-66
1.0 1.9442188848787016e-64
1.0 1.0339352088171154e-53
1.0 5.975289100082163e-60
1.0 1.5545109090144634e-68
3.661816464541418e-120 1.0
1.0 3.3675812695573e-61
1.0 3.0067068711959774e-71
1.0 6.713157714161489e-68
1.5216839392871756e-110 1.0
4.4677899207157235e-105 1.0
1.0 7.563769985596189e-62
1.0 3.864446529426912e-59
1.0 9.590185308257347e-62
1.0 1.7064455410758868e-57
1.0 1.4814428604790133e-67
1.0 6.051379502857119e-66
1.0 2.7409677902806665e-64
1.0 1.48459529946405e-54
1.0 1.221167309003174e-59
1.0 1.0930177299352872e-58
1.0 6.078240223602978e-64
1.0 1.1273458827567742e-62
1.0 2.056443708656778e-61
1.0 2.934137225581513e-72
1.0 1.2558163541326213e-59
7.65706884085984e-88 1.0
1.0 1.2985898300759454e-57
1.0 1.0921166442675005e-54
1.0 9.389297667312806e-59
1.0 7.076416725667241e-63
5.761470693652038e-115 1.0
8.260356419413877e-116 1.0
1.3426514430040557e-129 1.0
8.340423339695651e-112 1.0
1.0 9.012270917778717e-61
1.0 3.0251152991604165e-72
3.028912584936482e-114 1.0
3.760924891353249e-105 1.0
1.0 2.5254827847337464e-54
4.097699778862068e-115 1.0
1.637622703628089e-132 1.0
3.2381874817695495e-112 1.0
1.086968977694279e-130 1.0
5.167487379409582e-99 1.0
2.7493793093319293e-122 1.0
1.5869596470755647e-136 1.0
3.045948416950105e-118 1.0
7.977536502972737e-111 1.0
7.192563510690128e-100 1.0
3.87879383682462e-119 1.0
3.88794238209536e-134 1.0
1.0 2.7715815334844726e-64
5.0034441515016404e-123 1.0
1.8670587318013495e-100 1.0
2.425377428707951e-82 1.0
2.1297003703121658e-110 1.0
6.718455673923501e-128 1.0
7.551265898013349e-87 1.0
8.239950641607871e-123 1.0
9.531249801907838e-129 1.0
6.177027680426089e-105 1.0
4.186704108094059e-101 1.0
5.416924269817958e-106 1.0
1.0 5.815593669707143e-68
1.0 1.4635967415265153e-63
1.0 3.3288152597863657e-60
1.0 8.069721893060227e-62
4.750466510470637e-121 1.0
8.465068626833327e-113 1.0
1.0 1.0829285718483515e-60
1.0 4.096477091247189e-57
1.0 2.613724295091959e-62
1.0 4.2733754455305096e-63
1.0 3.708358285456369e-53
1.0 2.9627248048662863e-61
1.0 7.946521956321557e-61
1.0 7.561427496240247e-65
1.0 2.678931172782095e-60
1.0 4.57020940551541e-64
1.0 2.7657451400021403e-70
1.0 8.210284227997014e-71
4.7869793940234115e-116 1.0
4.102986969784052e-88 1.0
1.3625855099278604e-101 1.0
1.0 1.9675605079491274e-71
1.0 8.359981045143168e-70
1.0 2.4566480687714446e-59
1.0 2.8005085122641767e-73
1.1414115743808469e-130 1.0
6.791091854790057e-105 1.0
1.0 3.411325192057695e-60
9.765018173363102e-102 1.0
1.0 1.4652380237426004e-67
1.0 1.801211076778172e-64
7.1745936153012486e-99 1.0
1.0198435349835437e-86 1.0
1.0 4.6428325410927087e-63
1.0 5.593290367378835e-72
1.0 6.457964478307877e-70
1.0 1.4443220570294498e-61
1.0 2.2722070183766594e-58
1.0 1.3042099424271294e-64
1.0 1.1390278415941533e-59
1.0 4.571668332822e-55
1.0 1.195650943197773e-71
1.0 2.3707413173085345e-57
1.0 1.390130823522798e-60
1.0 2.9522919558047203e-64
1.0 1.8960452072264273e-68
1.0 6.25185363957889e-50
4.130066125008191e-94 1.0
7.274807522685894e-114 1.0
1.9213456674876596e-114 1.0
1.2191361080527055e-117 1.0
9.547946526228167e-99 1.0
1.829746717319557e-105 1.0
8.542466517868637e-122 1.0
1.0 3.263466796332909e-72
1.0 6.014878749848228e-61
1.0 4.098879817099581e-68
2.1613181635025196e-106 1.0
2.1176094083793872e-119 1.0
1.0 2.8921257284672605e-67
1.0 1.7867135314062922e-68
1.0 7.206614858498759e-53
5.480287099328799e-97 1.0
1.0 4.463330177253159e-60
1.0 4.684844354324943e-52
1.0 2.889239417084147e-59
1.0 1.0458353474606627e-64
1.0 1.1906668335187558e-68
1.0 3.870481813820664e-60
1.0 2.04823038957148e-70
4.860941323863382e-102 1.0
2.5806510711581346e-119 1.0
1.3202322721908445e-107 1.0
1.2711222294682896e-108 1.0
2.234151699715507e-112 1.0
1.0 2.1036428107204786e-56
1.0 1.784517600880802e-60
1.0 7.203582758704261e-56
9.12380239860449e-87 1.0
1.0 1.1935067837033314e-59
1.0 2.23340124631478e-64
1.0 3.175758326729939e-61
6.35875348177999e-94 1.0
1.3216582754810425e-100 1.0
1.0 1.4213970302686222e-63
1.0 1.5289445965260273e-67
1.0 8.251738139515537e-69
1.0 6.728025695744969e-66
7.158184790930931e-106 1.0
8.179198737163733e-103 1.0
5.284130717676018e-108 1.0
6.8203904932795575e-102 1.0
3.492167827816462e-94 1.0
8.551109999268284e-92 1.0
1.0 1.464664626171518e-64
1.0 4.673801628360137e-57
1.0 2.650607695384764e-69
1.0 2.811672332907818e-54
5.760582413328409e-99 1.0
3.635928431609547e-123 1.0
1.0 7.493127003740712e-56
1.0 6.517934290301102e-57
1.0 1.016065305773826e-61
1.0 2.3372073561007283e-70
1.0 1.8375669850911049e-69
1.0 8.75022452865545e-59
1.0 1.9356190753535336e-78
1.0 4.21497450194422e-67
1.0 3.6411785659668136e-62
1.0 3.973156686166069e-64
1.0 9.664801818940849e-67
1.0 7.118874720236663e-59
1.0 1.0460080573094144e-66
1.0 1.5118637910840049e-68
1.0 1.1234866375440643e-54
1.0 6.509378384983053e-65
1.2126006470724165e-113 1.0
4.638122401350233e-111 1.0
1.8686138744591124e-104 1.0
1.2252076715932923e-103 1.0
4.936203042725448e-123 1.0
1.0 5.655530427329451e-50
1.0 1.3334321106194149e-67
1.0 8.205740960851083e-67
1.0 1.0273010342478142e-63
1.0 7.5658298705798e-71
1.0 2.6134547930394837e-59
1.0 1.874900051496094e-59
1.0 2.594664152109252e-55
4.359531475437384e-106 1.0
1.0 2.1422668926607534e-63
1.0 3.5942285245578713e-57
1.0 7.022840284054298e-62
2.9498072447739517e-116 1.0
3.849573923383944e-115 1.0
3.1137819754835745e-112 1.0
2.0270425864535564e-96 1.0
8.878871080091468e-116 1.0
6.749915898968332e-123 1.0
1.512481177201595e-111 1.0
1.568643310128054e-96 1.0
1.4175678160650858e-94 1.0
1.0 3.974132245507069e-63
1.0 3.4690288169111603e-59
1.0 1.7839785055477545e-64
1.0 1.1647651784779366e-63
1.0 9.060267096886701e-65
1.0 6.727947099798808e-64
1.0 1.5089480163464085e-60
1.0 1.2663137037315813e-66
1.0 9.997328870697494e-71
2.2029086013740754e-97 1.0
1.999807281821691e-121 1.0
4.267846103983241e-108 1.0
1.0 4.553641443054532e-63
1.0 1.7340162621204019e-59
1.0 1.0742279366334962e-61
1.0 9.577337927757256e-70
1.0 2.135482948341255e-74
3.164165710373741e-106 1.0
4.285995966984316e-120 1.0
3.0283858605218534e-123 1.0
1.0 3.695445039459488e-47
2.485502103246298e-119 1.0
1.7791800440612887e-115 1.0
1.0 5.59051342466246e-60
1.0 2.133391542647387e-66
1.0 1.0879661643493807e-68
1.0 2.600748671436072e-63
1.0 1.0570855487285485e-56
1.0 4.2350284277205636e-60
1.0 1.3424128400899132e-53
1.0 3.430810486653424e-61
1.0 1.330061674246279e-56
1.0 6.223847020568116e-67
1.0 6.478956958442264e-52
1.0 1.074847018485243e-60
1.0 8.217661662335812e-74
1.0 2.426746196153809e-62
1.0 2.9498282164870536e-63
1.0 5.41084300849582e-69
7.131747790568525e-111 1.0
1.0 1.1592202461712102e-59
1.0 2.7402673518297764e-54
1.0 9.980085310249199e-57
1.0 2.829632186210915e-59
1.0 8.59564979678125e-71
1.0 2.6757878152216367e-62
3.561644668255318e-117 1.0
6.3045891849147614e-133 1.0
2.9947166273784897e-88 1.0
1.409773244254569e-107 1.0
1.1734397778477927e-100 1.0
1.0 1.533121629610208e-55
5.276307202701171e-109 1.0
3.614708587856078e-86 1.0
3.3079909758842023e-90 1.0
1.456876304999315e-104 1.0
2.1985523320917593e-110 1.0
5.026869557096881e-109 1.0
7.266717439060304e-112 1.0
5.892446078940978e-143 1.0
4.1507908375233726e-89 1.0
1.27226512300644e-100 1.0
9.01565092250053e-112 1.0
6.948733722204768e-108 1.0
6.176440048430015e-116 1.0
1.9497733649642184e-115 1.0
4.747699541949683e-103 1.0
8.695627321311138e-109 1.0
1.0 2.8520195224980315e-73
1.0 3.803988123973722e-66
1.0 5.893419629377527e-68
1.0 1.5234075491940583e-54
1.0 6.226145387214895e-57
7.27178936299084e-132 1.0
1.5813583345954899e-102 1.0
7.921533939454372e-109 1.0
9.40529627459125e-117 1.0
4.9271472000628636e-95 1.0
7.565907767995103e-104 1.0
4.749257446010705e-100 1.0
1.0 9.396289325806816e-63
1.0 4.6489821769126754e-54
1.0 5.293135918059032e-69
1.0 1.4073760076037748e-63
1.0 4.388256756744098e-56
3.017211254760807e-113 1.0
7.488855455701192e-108 1.0
1.0 1.9589165998217262e-59
1.0 2.278585780806724e-61
1.0 2.9947896804669977e-62
1.0 1.2308141841117937e-64
1.0 8.263281332293787e-67
1.349409703321641e-83 1.0
1.9117007621940278e-120 1.0
2.712655766220159e-96 1.0
1.73352589230492e-116 1.0
6.423403359029206e-114 1.0
2.9208861888702948e-108 1.0
7.139834298381923e-117 1.0
2.170328861395954e-126 1.0
1.1324824414615251e-119 1.0
1.0 1.5336473974689368e-54
9.524876165056291e-88 1.0
9.696883882070348e-123 1.0
7.466670361887671e-105 1.0
1.103730094108025e-117 1.0
3.647886090802301e-117 1.0
4.140907559489201e-102 1.0
2.714761881620548e-108 1.0
8.490326931877218e-132 1.0
1.6073949418363146e-112 1.0
2.1064512626271903e-106 1.0
3.172926911523526e-115 1.0
7.217848543307583e-114 1.0
4.39773541618689e-125 1.0
2.318494111304068e-94 1.0
1.7796270638564988e-132 1.0
1.0 4.8561787799193125e-61
1.0 1.1344031745255373e-58
1.0 1.8725728618748489e-75
1.0 4.695940102631511e-74
5.634479202514016e-106 1.0
4.312762219059397e-100 1.0
1.0 1.7711316016206721e-68
1.0 3.0600246865988537e-58
1.0 6.517933920481105e-67
1.0 1.7518966648099195e-59
1.0 1.2286243746141263e-63
1.0 4.249738717096513e-70
1.0 3.519544770998268e-52
1.0 2.0576810882461836e-70
1.0 2.95117125246354e-60
1.0 1.7466644642698438e-61
1.0 4.233128950782487e-56
1.0 4.323862908824617e-66
1.0 1.2285087039738627e-68
1.0 1.748832383729925e-57
1.0 3.886359666490095e-53
1.0 2.2050221237008898e-62
1.0 1.2576239098076561e-52
2.6938583928175645e-107 1.0
5.268355941981621e-97 1.0
1.0 5.687466263653945e-63
1.0 3.1170502124953356e-63
1.0 6.664629537654e-62
3.898193549551019e-130 1.0
1.1168923472219483e-96 1.0
2.0258125808703953e-107 1.0
6.405721884469393e-106 1.0
1.0 5.237687926950408e-53
1.0 9.821386469221018e-66
1.0 4.592691040053649e-56
3.328154857698394e-100 1.0
1.2968915011898114e-111 1.0
5.3182860868083087e-101 1.0
8.0030092221864e-104 1.0
1.0 1.5154079044052634e-56
1.0 1.9153504254092348e-63
1.0 4.000477943470403e-68
1.0 1.4440687367086473e-67
1.0 1.0969665689122446e-73
1.0 1.0617104302477833e-65
7.4755890091601755e-118 1.0
9.599349551126576e-113 1.0
1.2501522176051332e-105 1.0
9.928855504528739e-108 1.0
2.430401748148383e-124 1.0
1.7541936549143165e-130 1.0
1.0 1.222195402584296e-53
1.0 5.995767131346638e-63
1.0 5.78760504063199e-68
1.0 1.0898975820127636e-60
1.0 1.9264765152467542e-64
1.0 1.0624085837018153e-69
1.0 5.712082719437232e-62
1.0 2.049095224512677e-61
1.0 3.300995918667597e-61
1.0 2.226129848805035e-62
1.0 2.5970067226376085e-60
1.0 1.4559967114018623e-68
1.0 5.158595249489085e-66
1.0 1.321464083726722e-68
1.0 1.0541631144090887e-69
1.0 3.773220339761005e-66
1.0 1.3707393882958364e-70
1.0 1.0240335312190722e-64
1.0229051114454636e-94 1.0
9.217479259106873e-94 1.0
7.234171164539099e-130 1.0
1.6248306984087938e-97 1.0
1.0 7.522695180941759e-65
1.1030270726490363e-92 1.0
3.420187072327551e-118 1.0
1.0 2.563901713325372e-67
1.0 1.891836767474698e-70
1.0 5.563914195183509e-65
1.0 3.1747861308210447e-65
7.526105962981645e-96 1.0
1.0045778550350132e-97 1.0
5.0220075525555057e-129 1.0
1.7846821393563694e-96 1.0
1.2143295450574562e-103 1.0
1.4082477731154072e-85 1.0
4.956464759977402e-119 1.0
2.08960198246255e-127 1.0
2.4609002599076725e-115 1.0
1.3215864910205745e-99 1.0
1.8507783451787758e-83 1.0
1.0 1.2562879587990124e-60
1.0 1.88453697522546e-70
9.505187514432322e-109 1.0
2.6564926599097606e-123 1.0
2.0720550347096744e-136 1.0
1.0 2.372941588458783e-61
1.0 3.218696148255213e-61
4.913241739125237e-117 1.0
1.4344081902685523e-116 1.0
1.0 1.0083732673280822e-65
1.0 1.7278905727249857e-74
2.2254031424538933e-94 1.0
3.0068504656924337e-104 1.0
1.865555900620566e-113 1.0
2.073643640590073e-115 1.0
1.3040546705276542e-99 1.0
1.0 5.842892013314705e-70
1.0 1.9000968096479935e-64
1.0 3.100049858852986e-60
1.0 8.046744749882364e-70
1.0 7.771286980169766e-67
1.0 1.0571170896791653e-57
1.0 5.4647665550239635e-67
1.0 1.1900811702191192e-74
1.0 1.1840492906540292e-53
2.157996357306185e-118 1.0
1.1173816946993563e-115 1.0
3.5454176989470353e-127 1.0
3.30104079897984e-109 1.0
1.3224713720879745e-109 1.0
1.0 1.5093596177908793e-61
1.0 6.271180214506064e-69
1.0 5.424797369674616e-71
1.0 2.0142305632819257e-66
1.0 2.6483667021419038e-52
1.0 3.294740511776716e-54
1.0 1.226909370764779e-65
1.0 5.2303648695496e-60
1.0 6.81546010995325e-60
3.646357256942844e-104 1.0
1.0 6.138145308586129e-66
1.0 4.286054887220248e-62
1.0 5.4063193811356345e-65
1.0 4.015431024699966e-70
1.0 5.464658738010058e-60
1.0 2.563637253465614e-60
1.0 2.2453711199557788e-64
1.0 4.029737396064553e-65
1.0 1.0812573619095357e-63
7.60743708211397e-93 1.0
3.4977327208679724e-110 1.0
1.0 2.2522220322858027e-65
4.44329336524218e-104 1.0
1.0 1.519900468097392e-58
1.0 4.0798436409658524e-64
1.0 1.6552715841391062e-68
1.0 2.5665209096165887e-59
1.0 1.5333665500449595e-47
1.0 6.053748437093114e-64
1.0 7.790310444163173e-65
1.0 4.517941387847853e-66
1.8450135616416782e-123 1.0
4.4655269936101085e-112 1.0
5.542508199997946e-88 1.0
1.0 2.9939650960113193e-65
1.0 6.958932629518883e-62
1.0 8.514324797637338e-67
1.0 1.3572026139435054e-55
1.0 2.4636025211246444e-66
1.0 5.4022284019026525e-62
1.0 9.445682460354146e-63
1.0 1.386149215987693e-60
1.0 1.01382872475864e-76
1.0 2.0801725411676677e-63
1.0 2.299627855800095e-63
1.0 1.2202354298342418e-65
1.0 8.65759067337707e-71
1.0 6.069490020577666e-68
1.0 9.841821975189736e-71
1.0 1.9491526250200928e-70
3.7903387091278944e-91 1.0
1.0 4.665700201976845e-53
1.0 1.2433332196305017e-59
3.190676993693931e-82 1.0
1.0 1.286239991696399e-62
1.682953578628002e-101 1.0
1.5928692620377266e-98 1.0
6.8362126828919156e-136 1.0
1.0 9.542642179459394e-61
1.0 1.1428988655536523e-62
1.0 2.3476968225327544e-69
2.6208044232225945e-109 1.0
6.381054887989188e-104 1.0
1.4905013521594943e-93 1.0
3.1220386100341126e-97 1.0
2.8528077294990277e-125 1.0
9.768541974221312e-97 1.0
6.924485588544164e-88 1.0
1.5254359077235603e-96 1.0
1.0 2.1239086367255986e-62
1.0 1.5308970375459016e-74
2.682443534034223e-91 1.0
9.78163456263437e-77 1.0
1.0 8.725430879085099e-59
1.0 1.9873001724048364e-71
1.0 1.3140530981387365e-71
1.0 1.9108914577389372e-63
1.0 3.713561202615013e-65
1.0 3.1783838718275973e-79
1.0 1.39650088620107e-62
1.0 1.0380805729438748e-71
1.0 4.634119588139807e-66
1.7170211243037515e-102 1.0
3.058155271767977e-119 1.0
1.0 4.979668344253792e-63
1.0 1.8571388633162107e-56
3.65950785090326e-104 1.0
1.4374104546161238e-114 1.0
1.0 7.241507994692904e-69
1.0 1.6148133117423412e-55
1.0 2.2104704239695236e-73
1.0 1.299396617728521e-61
1.0 4.272355253377589e-65
1.0 2.3124702141061154e-61
1.0 3.838660481074801e-68
1.248822517415858e-100 1.0
5.244270834596909e-113 1.0
5.209272527775453e-123 1.0
1.0 1.196648411456234e-63
1.0 4.219336216777181e-64
1.0 3.1488605894314973e-66
1.0 1.2168685428060643e-62
1.0 7.464210168030756e-53
1.0 8.248468798642015e-64
1.0 3.7950428888443157e-63
1.0 1.21279764214108e-73
1.0 7.054872046753447e-51
1.0 1.0865978694687532e-62
1.0 3.303366178977523e-58
1.0 5.766158403370141e-60
1.0 9.049856323160894e-71
1.0 1.0176205599181642e-60
1.0 2.8231644083176895e-52
1.0 2.9980672452085136e-64
8.949947656590412e-106 1.0
9.952062843684509e-99 1.0
7.85233614322358e-125 1.0
3.88502638375732e-92 1.0
1.960155575091772e-103 1.0
4.410808999052152e-116 1.0
6.913894394411643e-97 1.0
2.92507814508398e-119 1.0
1.0 3.606360110005188e-59
1.0 1.2833405254116694e-67
1.0 1.0507995894241167e-73
1.0 6.189998016506714e-59
1.0 2.532566351068944e-59
1.0 2.0727328646749352e-66
2.4152289407182337e-121 1.0
2.8102286646247927e-112 1.0
4.460205207384863e-95 1.0
1.4298956092184934e-103 1.0
1.0 7.067084861555494e-69
1.0 1.3550280290341386e-63
1.0 5.7154107100136874e-71
1.0 2.4357238763849077e-62
1.0 2.7451866508377284e-66
1.0 1.4551264721065476e-54
1.0 3.90412303066345e-57
1.0 5.756284322622319e-60
1.0 3.257735286532339e-67
1.0 2.258840070779953e-55
1.0 4.855758030056338e-71
1.0 3.4447731826529464e-68
1.0 1.6087243665124548e-57
8.116170518532073e-142 1.0
5.197270181316207e-108 1.0
2.219503168608786e-110 1.0
7.968712686869663e-133 1.0
1.2562179868352067e-98 1.0
1.4053986516393357e-109 1.0
1.6298932064475891e-102 1.0
7.939190287384545e-106 1.0
7.106152710496803e-108 1.0
1.1874460024080035e-104 1.0
9.526568507403674e-99 1.0
1.4851021651923483e-128 1.0
5.284410950298969e-103 1.0
1.9839737463180555e-100 1.0
1.7797966458336258e-103 1.0
9.967130899628303e-87 1.0
4.0547727768781925e-115 1.0
1.0 3.606411934186626e-64
1.0 5.8434315959970046e-55
1.0 2.863968653513694e-59
1.0 1.9781534776524912e-63
1.0 6.704992211642704e-67
1.137551589356087e-114 1.0
4.094078961310474e-98 1.0
1.1196479480400559e-147 1.0
7.60256893650127e-115 1.0
2.8935795079342483e-100 1.0
1.2986313374559257e-119 1.0
7.776507963261764e-121 1.0
1.496920509652231e-89 1.0
4.2488940266290844e-113 1.0
4.6038336482645415e-99 1.0
1.5029774844723127e-103 1.0
2.3141030292593143e-110 1.0
7.67647257801993e-119 1.0
1.0 7.380512975057915e-73
1.0 3.246429286755127e-54
1.0 1.566763415925568e-70
1.0 1.1217810193174135e-65
1.0 8.046846247845e-64
1.0 1.2824489593827992e-62
1.0 1.73824582497281e-57
1.789035490933651e-111 1.0
2.193547567423304e-121 1.0
1.3155380059252553e-125 1.0
2.6205894217098163e-93 1.0
1.8710049896756635e-96 1.0
1.0 1.043412724157948e-65
1.0 4.548127106012442e-62
2.786310097777829e-101 1.0
1.0 1.7297604167525509e-59
1.0 7.190100746939189e-62
1.0 5.265817709953047e-71
1.0 3.3052281844241216e-61
1.0 6.327308573574466e-66
1.0 1.861371382291383e-56
2.3843421356488432e-98 1.0
1.0 3.1872517965063234e-63
1.0 1.254791433240171e-57
1.0 1.4451584537091365e-65
1.0 3.729702238045505e-67
1.0 6.0130827531006084e-58
1.0 1.3779476330026462e-63
1.0 6.091799998217212e-62
1.0 9.390576024298285e-66
1.0 1.0562768334959588e-61
1.0 1.858654635757443e-63
6.288865036805154e-117 1.0
1.8186249750326134e-106 1.0
9.44123796003359e-124 1.0
8.955164526108293e-117 1.0
9.09863732535088e-103 1.0
1.0 3.4065489247593687e-62
1.0 1.0514841752426836e-63
1.0 7.802074659802501e-63
1.0 5.358425268305376e-64
1.0 5.4019251870566e-59
4.666708234331651e-103 1.0
1.1479666804451933e-115 1.0
3.7998403239165856e-132 1.0
3.015538893233913e-125 1.0
5.866242439345758e-130 1.0
5.273351422306723e-114 1.0
5.001772777843616e-128 1.0
1.0 4.587332229031765e-63
1.0 4.1353450592574735e-55
1.0 2.2378737835104627e-79
1.0 6.308694534501231e-66
1.0 1.0182217930529127e-63
1.0 1.2165604573837244e-64
1.0 3.290953380146473e-65
1.0 6.529613028183521e-68
1.0 1.6198735215737882e-65
1.0 1.4115139486018734e-58
1.0 8.076423639019027e-71
1.0 1.7065330344701582e-52
1.0 2.5105540637567563e-64
1.0 3.1776150364102175e-65
1.0 1.1715020954556384e-70
1.0 1.838214490610641e-64
1.0 9.5945271497786e-66
1.0 5.936457617690906e-60
1.0 2.3109564147178574e-64
9.50107034124221e-115 1.0
7.141364454711481e-121 1.0
2.9092952024836815e-101 1.0
1.6053276866109843e-124 1.0
1.0 7.240194303817613e-60
3.401020052517881e-102 1.0
6.682943368520213e-92 1.0
9.763978432451037e-118 1.0
5.676516252951437e-106 1.0
1.239254120401836e-125 1.0
1.0 1.047687998432384e-64
1.0 8.451851441544506e-61
1.0 3.420245835156972e-64
1.0 1.3809093343589251e-68
1.0 2.4899362256345487e-72
1.0 3.947913556075956e-57
1.0 2.95075194462125e-56
1.0 6.056661655669231e-64
1.0 4.953722327105867e-63
1.0 1.6180632773509337e-62
1.0 7.075148039727873e-61
1.0 2.2186651769893063e-68
1.9714779644059767e-97 1.0
9.78256183794851e-115 1.0
5.0065320327454196e-113 1.0
5.125819469830685e-101 1.0
3.068444529328564e-90 1.0
1.2460086524960722e-98 1.0
1.630120243450533e-103 1.0
2.6036210193571253e-113 1.0
1.431335495885032e-110 1.0
1.1895414196577686e-91 1.0
1.0 1.1989823481936478e-63
1.0 1.3151989537106013e-67
1.0 4.702087585369515e-59
1.0 9.97773215672311e-58
1.0 5.399943897871692e-59
3.408323765687545e-110 1.0
3.467082579697792e-91 1.0
3.4525456881447326e-97 1.0
1.0 1.307754733775739e-71
6.440407025728177e-102 1.0
4.87287494928651e-117 1.0
3.1063204353297766e-110 1.0
1.0 1.215357556944192e-69
1.0 8.128726965580996e-63
1.0 1.5751176813230998e-60
1.0134470240839072e-125 1.0
2.033765718061405e-115 1.0
