1.1352750748853515e-206 1.0867425625427348e-90 6.040262625262751e-118 1.0
2.422395338536288e-221 6.040262625262751e-118 2.318838998520558e-105 1.0
8.00230812841601e-228 2.318838998520558e-105 1.9953820887516323e-124 1.0
5.985086490010951e-234 1.9953820887516314e-124 1.734306120164738e-111 1.0
1.6818320828231527e-216 1.734306120164738e-111 5.607099613270633e-107 1.0
5.607099613270633e-107 1.0971243718114809e-170 1.0 3.38404551485577e-63
1.0 6.242176587425541e-72 3.38404551485577e-63 3.653346381804915e-133
1.0 6.93991866167116e-69 6.242176587425539e-72 7.492194363620235e-139
1.0 4.6554707159141356e-62 6.939918661671159e-69 5.58774507085138e-129
1.0 2.7691157950050693e-61 4.655470715914135e-62 2.2295813378352027e-121
1.0 1.0200964166483768e-71 2.7691157950050686e-61 4.885409171573301e-131
1.0 3.4217043153632785e-60 1.0200964166483766e-71 6.03673767447385e-130
1.0 1.803656311380205e-66 3.4217043153632773e-60 1.0673696945711889e-124
1.0 9.336045174093229e-71 1.8036563113802046e-66 2.912294800352069e-135
1.0 1.0776840895439496e-72 9.336045174093229e-71 1.7400952446418747e-141
5.91759561768654e-103 1.0 3.6873821643301206e-176 1.0776840895439496e-72
4.895630500544746e-214 5.91759561768654e-103 4.783488599217146e-113 1.0
1.0786473859527551e-222 4.783488599217146e-113 1.3038155235434572e-111 1.0
2.2127059649216797e-230 1.3038155235434574e-111 9.812709783071064e-121 1.0
9.812709783071066e-121 1.2295777612402134e-185 1.0 2.1671334208389768e-64
1.0 7.731278173002376e-54 2.167133420838976e-64 2.8977142322273886e-116
1.0 6.435097494031148e-68 7.731278173002379e-54 8.60448803701523e-120
1.2963479322283428e-89 1.0 4.8234536069999265e-158 6.4350974940311474e-68
1.2963479322283428e-89 5.7792892409562e-160 1.0 7.710303185623441e-70
1.0 7.217173565983708e-58 7.71030318562344e-70 9.624035362581015e-126
1.0 2.847537681438001e-57 7.217173565983708e-58 3.5543094328041494e-113
1.0 3.468578249963703e-52 2.847537681438001e-57 1.708203395630118e-107
1.0 1.194039807367006e-70 3.4685782499637025e-52 7.162900307720688e-121
1.0 9.5003097678239e-58 1.1940398073670058e-70 1.9618923620967697e-126
1.0 1.9593017140125082e-57 9.500309767823902e-58 3.2192721248050966e-113
1.0 3.9390146812062185e-63 1.9593017140125085e-57 1.334773336060369e-118
1.872263445956127e-93 1.0 4.2641841657390713e-157 3.939014681206218e-63
6.428076145580571e-203 1.872263445956127e-93 1.9851596988247856e-111 1.0
1.9851596988247864e-111 6.999125913540917e-185 1.0 6.097712740170946e-73
1.0 2.1316189537401673e-60 6.097712740170944e-73 2.2479939542040396e-131
1.0 6.964510325897159e-62 2.131618953740167e-60 2.5675491407569178e-120
1.0 4.577595988073608e-70 6.964510325897158e-62 5.513744670588699e-130
1.0 2.9693088083547336e-53 4.577595988073606e-70 2.350776989520648e-121
1.0 9.565602839498492e-72 2.9693088083547345e-53 4.912316225497541e-123
1.3219351962970997e-92 1.0 7.311456599067486e-165 9.565602839498492e-72
1.5691605322587708e-201 1.3219351962970997e-92 6.863388866062737e-111 1.0
1.926711084022317e-220 6.863388866062736e-111 1.6231527257434324e-111 1.0
1.623152725743433e-111 1.9586022646246978e-165 1.0 2.0869184158482307e-53
1.0 1.4272331713446032e-54 2.086918415848231e-53 5.151325667674492e-106
6.075478059010616e-110 1.0 5.013681981489887e-165 1.427233171344604e-54
2.6287866910817827e-205 6.075478059010616e-110 2.5018213019001933e-97 1.0
1.1585872721240734e-184 2.5018213019001933e-97 2.6776503301384764e-89 1.0
1.3156215726404784e-221 2.677650330138477e-89 2.8409168259177095e-134 1.0
4.610890586752048e-241 2.84091682591771e-134 9.384425551087343e-109 1.0
5.9283035341056475e-214 9.384425551087345e-109 3.652616981972604e-107 1.0
1.247741911288749e-221 3.652616981972605e-107 1.975158830194274e-116 1.0
1.9751588301942735e-116 1.4796459334392776e-181 1.0 1.29561027854032e-64
7.723346113262362e-104 1.0 5.785771500668977e-169 1.2956102785403205e-64
7.723346113262362e-104 3.217896016707428e-170 1.0 7.205848267664981e-66
1.0 5.991447640314906e-67 7.205848267664978e-66 7.466816627362323e-131
1.0 8.933863743102118e-61 5.991447640314906e-67 9.257414237116675e-126
5.439214113399452e-113 1.0 2.809680096266333e-174 8.933863743102121e-61
5.439214113399453e-113 9.892380489701088e-181 1.0 3.1454534452997715e-67
1.0 1.3199734699036026e-62 3.1454534452997715e-67 7.180704726213754e-128
1.6419588095798586e-118 1.0 1.2531667289303175e-181 1.3199734699036026e-62
1.6419588095798588e-118 5.536123818822309e-173 1.0 5.831256446765434e-54
1.0 1.6144062545486235e-58 5.831256446765434e-54 1.628146864614908e-110
1.0 7.966171953531161e-71 1.614406254548623e-58 2.224237264735531e-127
7.837453017015291e-142 1.0 3.609990196111562e-213 7.966171953531163e-71
7.83745301701529e-142 4.3933761122253066e-204 1.0 9.694871084198761e-62
1.0 1.282585747715785e-73 9.694871084198761e-62 2.1505376621568226e-133
1.0 3.554765493458463e-59 1.2825857477157853e-73 7.885259130755841e-131
1.0 9.123970195569515e-60 3.554765493458462e-59 5.6093613562670984e-117
1.0 1.5478069663066195e-70 9.123970195569513e-60 2.442413880673282e-128
1.0 1.2040706403963934e-65 1.547806966306619e-70 3.223200846100258e-134
5.931463887893248e-104 1.0 4.1294789150261506e-170 1.204070640396393e-65
1.3319358472549631e-182 5.931463887893248e-104 1.2983829753870453e-80 1.0
6.195721053518376e-191 1.2983829753870455e-80 2.7591190494754692e-112 1.0
5.411978878206268e-190 2.7591190494754692e-112 1.1341409947155325e-79 1.0
5.928991746574471e-197 1.1341409947155326e-79 3.022701019405747e-119 1.0
3.347841696025746e-240 3.022701019405746e-119 6.403996958630416e-123 1.0
1.0288382070920837e-237 6.403996958630416e-123 9.289179655873744e-117 1.0
1.0824128617884205e-207 9.289179655873747e-117 6.7374720603227735e-93 1.0
1.3083551876122603e-194 6.737472060322773e-93 1.1228198426378584e-103 1.0
1.8122319614440447e-203 1.122819842637859e-103 9.33222287239607e-102 1.0
9.332222872396072e-102 1.3911488152801919e-164 1.0 2.5781435361918558e-62
1.0 8.817884762858668e-60 2.5781435361918545e-62 3.931788211144969e-120
1.0 2.4723108774659553e-67 8.817884762858667e-60 3.770388508571676e-125
1.0 6.704276997328247e-66 2.4723108774659553e-67 2.8666431495542775e-131
1.0 1.1330264449177224e-57 6.704276997328246e-66 1.3137435612127836e-121
2.0780839940829268e-109 1.0 1.3613962162267354e-167 1.1330264449177224e-57
7.565986177822403e-202 2.078083994082927e-109 2.1051538548397566e-94 1.0
1.4095678392558693e-219 2.105153854839756e-94 3.8715380870213855e-127 1.0
2.3879055659183495e-250 3.8715380870213855e-127 3.5662764622525006e-125 1.0
8.631723793361985e-219 3.566276462252502e-125 1.3994710636640105e-95 1.0
9.067852458976641e-202 1.3994710636640101e-95 3.7464670512853946e-108 1.0
1.701136435793734e-191 3.746467051285394e-108 2.625419004122764e-85 1.0
7.1733753094616e-191 2.625419004122764e-85 1.5798153327344682e-107 1.0
4.6047624138729737e-209 1.5798153327344682e-107 1.6853197036695538e-103 1.0
1.1832378548147498e-206 1.685319703669554e-103 4.05948697738773e-105 1.0
4.059486977387732e-105 1.270178995452602e-165 1.0 5.411434158055816e-60
1.0 3.773812238882529e-63 5.411434158055815e-60 3.5319233655106102e-121
1.0 7.802773246819546e-73 3.7738122388825295e-63 5.092697488557117e-134
5.625682118577531e-127 1.0 2.538081539032559e-200 7.802773246819546e-73
1.9072087844081563e-234 5.625682118577532e-127 1.960218326958728e-109 1.0
4.3161978524864727e-222 1.9602183269587277e-109 1.273146247934829e-114 1.0
2.9648793691715683e-217 1.273146247934829e-114 1.3465116927677154e-104 1.0
6.043992360406697e-202 1.3465116927677154e-104 2.5953454552684296e-99 1.0
5.875909826346908e-206 2.595345455268429e-99 1.3090654016466092e-108 1.0
1.6583475410844454e-222 1.309065401646609e-108 7.324797148367584e-116 1.0
4.280230552671574e-202 7.324797148367583e-116 3.3787258634031915e-88 1.0
9.751566979383433e-227 3.3787258634031904e-88 1.6687944521614655e-140 1.0
1.1060843266527345e-251 1.6687944521614653e-140 3.832364305621361e-113 1.0
4.010352724876318e-201 3.832364305621361e-113 6.050582416927578e-90 1.0
6.050582416927578e-90 9.63220358796379e-161 1.0 2.7532590593571352e-70
7.741651820097484e-99 1.0 1.2324295629737874e-169 2.7532590593571346e-70
7.299546876223763e-179 7.741651820097484e-99 5.451847036322382e-82 1.0
3.4319218762465614e-168 5.451847036322381e-82 3.639779932945816e-88 1.0
3.639779932945817e-88 3.444902584597753e-156 1.0 1.6368934981017884e-67
1.0 5.983638283846158e-72 1.6368934981017884e-67 1.6939647171703605e-137
1.0 9.894063246301035e-69 5.983638283846157e-72 1.0239025366110764e-138
1.0 1.2632107910440384e-62 9.894063246301033e-69 2.1615690519198655e-129
1.0 4.378045820186367e-53 1.2632107910440382e-62 9.564774468507618e-114
1.0 2.9253376591079475e-54 4.378045820186367e-53 2.215006011029563e-105
1.015581734022886e-123 1.0 1.717798735323457e-178 2.9253376591079475e-54
3.0607606133187142e-227 1.0155817340228861e-123 1.7425926518904154e-105 1.0
8.929136618724821e-218 1.7425926518904158e-105 2.9627498508415795e-114 1.0
4.111461921320903e-223 2.96274985084158e-114 8.023847812560673e-111 1.0
8.023847812560674e-111 3.2961846996652084e-171 1.0 7.1047280803407e-60
1.0 7.576222899120363e-70 7.104728080340698e-60 9.309338215828758e-128
1.0 9.65119857613576e-64 7.576222899120363e-70 1.2645983170275567e-131
1.0 2.3746562528175963e-55 9.651198576135759e-64 3.96369845610107e-117
1.0 9.992131553782318e-68 2.374656252817596e-55 4.103717906169486e-121
1.0 6.561058573515251e-73 9.992131553782318e-68 1.133837098300624e-138
1.0 7.386843575627456e-69 6.561058573515248e-73 8.382072674192997e-140
1.0 8.456519520748174e-62 7.386843575627454e-69 1.0803616580984969e-128
1.0 7.77070551178213e-67 8.456519520748174e-62 1.1365033258594443e-126
1.339748161808706e-118 1.0 6.019563719692655e-186 7.770705511782129e-67
2.034254219958019e-238 1.3397481618087062e-118 8.779371996600338e-122 1.0
2.9254355319254505e-224 8.779371996600342e-122 1.926675062504174e-104 1.0
1.926675062504174e-104 2.429556759475694e-169 1.0 2.1809071578160443e-64
1.0 1.1557181419039646e-68 2.180907157816044e-64 4.3592092163070273e-131
1.0 6.721985348900342e-60 1.1557181419039644e-68 1.343594126865569e-126
3.448170065051166e-123 1.0 1.3401938919016178e-183 6.721985348900342e-60
4.038438704886084e-236 3.448170065051167e-123 6.771832599826205e-115 1.0
7.638010457383683e-234 6.771832599826206e-115 6.521619105876981e-121 1.0
6.5216191058769835e-121 3.5443969335571384e-181 1.0 9.399516755681037e-60
1.0 6.667597680429297e-59 9.399516755681034e-60 1.08391073558399e-116
1.0 6.266712186911833e-62 6.6675976804292934e-59 7.226495566491077e-119
1.0 2.1697312732032415e-64 6.266712186911832e-62 2.3516046075039625e-124
1.0 8.444006890487226e-70 2.1697312732032412e-64 3.1686416923593006e-132
1.0 2.2634991935532722e-69 8.444006890487225e-70 3.3055788999740897e-137
1.0 4.714534829122662e-72 2.2634991935532728e-69 1.8456009163016685e-139
1.744001967754994e-99 1.0 4.754087979388099e-172 4.714534829122662e-72
1.7440019677549944e-99 1.1645286178139585e-159 1.0 1.1548399507954894e-59
7.723104451153276e-106 1.0 5.156975919764467e-166 1.1548399507954896e-59
1.9697339144284508e-194 7.723104451153276e-106 1.4746774846927282e-90 1.0
1.0447656148322003e-194 1.474677484692728e-90 4.096408104271157e-106 1.0
8.930572654035648e-209 4.0964081042711577e-106 1.2605424825772174e-104 1.0
6.849627015098005e-210 1.2605424825772176e-104 3.141888958621548e-107 1.0
2.9935250140948574e-227 3.141888958621547e-107 5.509008657853381e-122 1.0
1.986731480834933e-238 5.509008657853381e-122 2.0851971084225296e-118 1.0
1.7115356464486002e-213 2.0851971084225305e-118 4.745917999219251e-97 1.0
2.5449319270466475e-224 4.74591799921925e-97 3.100539977897103e-129 1.0
1.3617280852961973e-265 3.1005399778971037e-129 2.5394195268513094e-138 1.0
4.010994713337177e-248 2.5394195268513094e-138 9.132696603764888e-112 1.0
1.0861114964043585e-240 9.132696603764888e-112 6.876331033635721e-131 1.0
6.876331033635721e-131 9.8308590178788e-202 1.0 2.4725967648543582e-70
1.0 8.00515141773127e-68 2.4725967648543572e-70 3.4232723498379886e-136
1.0 2.793749943170332e-58 8.005151417731272e-68 3.867904006329064e-124
1.0 4.1030736201155935e-64 2.7937499431703318e-58 1.9825102693692673e-120
1.0 5.0044965873779336e-67 4.103073620115594e-64 3.5513077688840635e-129
1.0 3.6481100646051677e-73 5.004496587377933e-67 3.157525994820313e-138
1.0 6.354082347335894e-56 3.6481100646051664e-73 4.0090306456685785e-127
1.0 1.7900092854663234e-72 6.354082347335895e-56 1.967101308453116e-126
1.0 1.2284737034501072e-69 1.7900092854663234e-72 3.803117582305401e-140
1.0 1.2851869210779915e-61 1.2284737034501074e-69 2.7305539785662795e-129
3.398360575496057e-104 1.0 2.5253242519978764e-166 1.2851869210779915e-61
1.9761136095796968e-210 3.3983605754960576e-104 3.3622023533282507e-108 1.0
1.8146231578988162e-233 3.3622023533282503e-108 3.1206423402433382e-127 1.0
6.130853890808175e-219 3.1206423402433382e-127 1.1359477746032545e-93 1.0
3.450713816896772e-214 1.135947774603255e-93 1.756434557544358e-122 1.0
5.817851091440924e-243 1.756434557544358e-122 1.915190697047925e-122 1.0
4.1762357435393303e-227 1.9151906970479244e-122 1.2608237414663162e-106 1.0
2.5998817337384837e-212 1.2608237414663162e-106 1.1922864549932898e-107 1.0
1.4567893543462017e-211 1.1922864549932898e-107 7.06476214067602e-106 1.0
8.022356757479042e-231 7.064762140676021e-106 6.565772375072604e-127 1.0
6.565772375072606e-127 3.9827335735768175e-192 1.0 1.0490931160736274e-64
1.0 3.0823605696624516e-63 1.0490931160736274e-64 5.592629926181244e-126
1.0 8.574075621334927e-62 3.08236056966245e-63 4.5707698558431304e-123
1.0 1.2171708540975006e-70 8.574075621334927e-62 1.8049179268890467e-130
1.0 1.2434531172738797e-55 1.2171708540975006e-70 2.6175775928883934e-124
2.0851770375843815e-109 1.0 1.4991798784590997e-165 1.2434531172738795e-55
1.8468198483518397e-198 2.0851770375843815e-109 5.121096918882238e-91 1.0
1.2491025163236654e-186 5.121096918882237e-91 1.4103161642709245e-97 1.0
1.4103161642709245e-97 8.225353624794794e-167 1.0 1.0086876399705377e-68
1.0 1.2078894026197801e-55 1.0086876399705377e-68 2.107184071638475e-122
1.0 1.445621005245506e-63 1.20788940261978e-55 3.0199532889768582e-117
1.0 2.8120893187958372e-64 1.4456210052455057e-63 7.030758253839415e-126
1.0 4.963439369150771e-75 2.8120893187958365e-64 2.413962040221037e-137
1.0 2.202005234485447e-69 4.963439369150771e-75 1.8902518539816736e-142
1.0 2.076551221815171e-55 2.2020052344854464e-69 7.908235610412274e-123
1.0 4.004653331839297e-64 2.0765512218151702e-55 1.4382228339074822e-117
1.0 2.323744440803022e-72 4.0046533318392955e-64 1.6094292689814268e-134
1.0 2.1717531949644508e-70 2.323744440803022e-72 8.72805425925436e-141
1.3611547583308294e-92 1.0 1.7092255267825792e-163 2.1717531949644502e-70
9.662927204651765e-195 1.3611547583308295e-92 4.1047111167049966e-104 1.0
1.9889932012242104e-208 4.104711116704995e-104 2.80176752116138e-106 1.0
2.8017675211613796e-106 5.425248238053842e-173 1.0 3.3489304062861276e-66
5.0330635742297935e-90 1.0 9.745854744145408e-157 3.3489304062861276e-66
8.416178790201208e-197 5.0330635742297935e-90 9.668607542956694e-109 1.0
2.567480462578005e-237 9.668607542956694e-109 1.5354108694545785e-130 1.0
1.423438104435129e-223 1.535410869454578e-130 5.360377457226835e-95 1.0
2.9937147195150076e-194 5.3603774572268336e-95 3.229211095352541e-101 1.0
9.176692902216063e-191 3.229211095352541e-101 1.6431270970569138e-91 1.0
4.222648151447026e-218 1.6431270970569138e-91 1.4859189914843658e-128 1.0
3.2493319418630737e-247 1.485918991484366e-128 1.2643879313454464e-120 1.0
2.656734167362891e-227 1.2643879313454462e-120 1.2149241214015304e-108 1.0
1.824330843730393e-206 1.2149241214015304e-108 8.682321061439079e-100 1.0
3.609569653274653e-215 8.68232106143908e-100 2.40381466701246e-117 1.0
1.0100169761809598e-206 2.403814667012459e-117 2.4294562806819188e-91 1.0
2.4294562806819194e-91 6.511988973568685e-151 1.0 4.635783794270196e-59
1.0 1.0301288856641378e-66 4.635783794270195e-59 8.2591117582789e-124
1.0 2.784823971110391e-64 1.0301288856641377e-66 4.9614419967046055e-129
1.0 8.050920309198446e-62 2.7848239711103906e-64 3.877589949186471e-124
1.0 2.2585930602949482e-70 8.050920309198445e-62 3.1448658302125905e-130
1.0 1.8602959104640106e-59 2.258593060294948e-70 7.266723328782959e-128
1.0 2.8740457089918932e-67 1.8602959104640101e-59 9.246860520678571e-125
1.540754247343303e-133 1.0 2.5604036636841153e-201 2.874045708991893e-67
1.2975109349629672e-252 1.5407542473433031e-133 4.8692160901415146e-121 1.0
6.569475167534358e-221 4.869216090141514e-121 7.801049297117344e-102 1.0
2.497100256385646e-187 7.801049297117345e-102 1.850820718095955e-87 1.0
2.561476926812607e-164 1.8508207180959547e-87 8.002164802312119e-79 1.0
1.3913707452765563e-181 8.00216480231212e-79 1.0053488184704833e-104 1.0
4.29166661742345e-211 1.0053488184704832e-104 2.468258274495899e-108 1.0
5.912496657690377e-234 2.468258274495899e-108 1.3850380420714784e-127 1.0
3.840404163348277e-239 1.3850380420714788e-127 1.6032329322780115e-113 1.0
5.8811484382022505e-239 1.6032329322780112e-113 2.12103048833214e-127 1.0
7.008246144995705e-228 2.1210304883321395e-127 1.9104858745245526e-102 1.0
1.0199037651725752e-206 1.9104858745245522e-102 3.086716614028261e-106 1.0
3.086716614028262e-106 8.525520544290963e-170 1.0 4.7768626082196504e-63
1.0 2.325337307889598e-66 4.776862608219651e-63 1.9210882440733995e-127
6.076375177061952e-106 1.0 8.169809611213649e-173 2.325337307889597e-66
4.1535329560973884e-213 6.076375177061952e-106 3.952341615854671e-109 1.0
2.1122566230196135e-216 3.9523416158546717e-109 3.090107589698909e-109 1.0
1.2302233553728853e-200 3.0901075896989098e-109 2.3019281422754827e-93 1.0
2.3019281422754827e-93 1.3338614050781382e-156 1.0 1.002161117423071e-62
1.0 1.3513763437812568e-56 1.002161117423071e-62 2.342245781407936e-117
1.0 1.4617282945327835e-55 1.351376343781256e-56 3.4163438113002246e-110
1.0 8.783270470236891e-60 1.4617282945327834e-55 2.2204526408985983e-113
1.0 3.619113495045588e-70 8.78327047023689e-60 5.497649698540128e-128
1.0 1.7784396520517624e-68 3.619113495045587e-70 1.1131660182964264e-136
1.0 6.824078538741868e-57 1.7784396520517622e-68 2.0989483601198017e-123
1.0 2.3380401855768234e-72 6.824078538741866e-57 2.7593995712753242e-127
1.0 2.2032214471638915e-62 2.3380401855768224e-72 8.908995232416408e-133
1.0 6.234280590565516e-65 2.2032214471638915e-62 2.375544116030308e-125
1.0 2.9000400810597166e-65 6.2342805905655145e-65 3.1268636930171456e-128
1.0 6.399103385245462e-63 2.9000400810597166e-65 3.209532158925833e-126
1.0 4.831020384334778e-66 6.399103385245464e-63 5.3465865472737994e-127
1.0 9.062111300903752e-70 4.831020384334776e-66 7.571586119865654e-134
1.0 5.437821391359481e-75 9.062111300903752e-70 8.522616278464623e-143
1.0 1.4326792009297677e-69 5.437821391359481e-75 1.347387454670086e-142
1.0 2.4125254538028013e-65 1.4326792009297674e-69 5.977773627672393e-133
1.0 3.952346650640605e-67 2.412525453802801e-65 1.6490944769970816e-130
1.0 5.1117549265827505e-65 3.9523466506406045e-67 3.4941669957938113e-130
1.0 2.7184302336246444e-54 5.111754926582751e-65 2.403293547432063e-117
1.0 1.5710275078933226e-60 2.7184302336246444e-54 7.386191878886381e-113
1.0 7.068662488056839e-68 1.5710275078933223e-60 1.9206120068146413e-126
1.392745314588182e-119 1.0 5.692333640938408e-188 7.068662488056838e-68
1.3927453145881824e-119 7.130107107550152e-182 1.0 8.85407002226568e-62
1.0 7.905256337732334e-72 8.854070022265682e-62 1.210535454914511e-131
1.0 3.052602965686953e-67 7.905256337732332e-72 4.1735429135398335e-137
3.346424146987787e-111 1.0 5.906533923294376e-179 3.0526029656869525e-67
9.834843805894135e-214 3.3464241469877855e-111 1.6992914688367364e-104 1.0
1.6992914688367364e-104 1.9539455308617155e-167 1.0 1.9886720979887145e-62
1.0 1.0160431903502512e-59 1.9886720979887145e-62 3.494571691264391e-120
1.0 2.5214587399393823e-62 1.0160431903502508e-59 4.430805029242859e-120
1.0 4.4865994612967914e-58 2.521458739939381e-62 1.9565356715258673e-118
1.0 3.895020719838806e-68 4.486599461296792e-58 3.0223564078150232e-124
1.0 1.5910332538654286e-66 3.895020719838805e-68 1.071784898863488e-132
1.0 7.206573145927434e-65 1.5910332538654286e-66 1.9830180186255388e-129
1.0 3.903309136147197e-55 7.206573145927435e-65 4.864972074241927e-118
1.0 3.210702280761062e-60 3.9033091361471965e-55 2.1674624843618725e-113
1.0 2.873770442872528e-59 3.2107022807610614e-60 1.5957715380294993e-117
1.0 1.5980954947824422e-64 2.8737704428725277e-59 7.942795945012053e-122
1.0 2.964026280664511e-63 1.5980954947824422e-64 8.19225348404612e-126
1.0 5.406817277995028e-62 2.9640262806645107e-63 2.771675273966374e-123
1.0 7.714455679238962e-73 5.406817277995027e-62 7.213824721372725e-133
1.0 5.7104404368403005e-59 7.714455679238963e-73 7.6189214976543e-130
2.912310558121389e-87 1.0 9.615872275071099e-147 5.7104404368403e-59
2.9123105581213892e-87 5.749312888949953e-146 1.0 3.414262155937817e-58
1.0 2.8714013016521615e-55 3.414262155937816e-58 1.6955451611886033e-111
1.0 2.468641210170766e-59 2.871401301652161e-55 1.2259435472277355e-112
1.0 3.2177838809953716e-62 2.468641210170767e-59 1.373831440074191e-119
1.2670387163599435e-115 1.0 2.3573721740793307e-178 3.2177838809953716e-62
3.980739932540954e-230 1.2670387163599435e-115 1.81658329111374e-116 1.0
9.276704679829051e-245 1.816583291113739e-116 2.952703313647068e-130 1.0
1.6199501260057158e-239 2.952703313647068e-130 3.1722194819225497e-111 1.0
3.17221948192255e-111 4.3461401704829584e-173 1.0 2.3695130533889442e-61
1.0 1.375578576722817e-71 2.3695130533889445e-61 5.637195720606173e-131
6.6610588123147315e-115 1.0 5.297976982339431e-187 1.3755785767228167e-71
1.647903082367769e-217 6.6610588123147315e-115 1.430440485390707e-104 1.0
1.4304404853907066e-104 9.498151067789265e-159 1.0 1.1483859856601792e-53
9.011491238787831e-116 1.0 5.983646716255221e-170 1.1483859856601794e-53
5.612878593150642e-247 9.011491238787831e-116 3.6013918643602295e-133 1.0
4.4355502301049594e-244 3.6013918643602295e-133 7.121287477439907e-113 1.0
2.9440880908938292e-242 7.121287477439907e-113 2.390417050525427e-131 1.0
4.69816467984438e-229 2.3904170505254274e-131 1.1364123717972265e-99 1.0
1.188353764244342e-220 1.1364123717972267e-99 6.046320837352687e-123 1.0
3.64949022966282e-258 6.0463208373526875e-123 3.4899757736528553e-137 1.0
4.0431521943829026e-254 3.4899757736528553e-137 6.698523306841186e-119 1.0
2.032464674020038e-228 6.698523306841185e-119 1.7543867092091517e-111 1.0
4.799369276831289e-210 1.7543867092091517e-111 1.5817587075402692e-100 1.0
2.333522881992666e-218 1.5817587075402692e-100 8.530082378879389e-120 1.0
2.1815580970985893e-251 8.530082378879389e-120 1.4787506660933267e-133 1.0
1.4787506660933262e-133 1.0775749309467132e-197 1.0 1.260291858019406e-63
1.1003366661366865e-123 1.0 8.018222640351093e-188 1.260291858019406e-63
7.81373535258947e-223 1.1003366661366863e-123 4.105958052544904e-101 1.0
3.787642428741846e-182 4.105958052544903e-101 5.333789352333895e-83 1.0
4.320455133898724e-192 5.333789352333895e-83 4.683548640462099e-111 1.0
1.1967946087358852e-237 4.6835486404620986e-111 1.4774948803242703e-128 1.0
4.243467504562088e-214 1.4774948803242705e-128 1.6606430474172417e-87 1.0
5.204464312025267e-209 1.6606430474172419e-87 1.8120957371726707e-123 1.0
6.569103791733482e-251 1.8120957371726707e-123 2.0960728877126908e-129 1.0
4.924487745379475e-233 2.0960728877126917e-129 1.358426283717827e-105 1.0
2.163134269097867e-205 1.3584262837178274e-105 9.207225864644439e-102 1.0
3.2807663263854104e-205 9.207225864644439e-102 2.060287829639431e-105 1.0
2.060287829639431e-105 1.8214959697721274e-174 1.0 1.5290402651337097e-68
1.0 3.8480995695581855e-64 1.5290402651337092e-68 1.0176157674394377e-130
1.0 8.752146137577722e-61 3.848099569558185e-64 5.824779184447725e-123
1.0 3.669458998566289e-61 8.752146137577723e-61 5.5543750900102936e-120
1.0447028735509061e-121 1.0 2.21654332288184e-183 3.6694589985662895e-61
5.817240381302253e-232 1.0447028735509061e-121 3.2196274122018286e-112 1.0
3.2196274122018296e-112 5.300437171622032e-174 1.0 2.847243952487582e-61
1.0 1.0770488403173102e-57 2.8472439524875823e-61 5.3036967106565576e-117
1.0 6.872023590594285e-63 1.0770488403173103e-57 1.280084514048964e-118
1.0 1.1235590887798214e-63 6.872023590594285e-63 1.3353624611324867e-124
1.0 9.750043517552923e-54 1.1235590887798213e-63 1.894615455856196e-115
1.0 7.789618357877965e-62 9.750043517552922e-54 1.3135340618430857e-113
1.0 2.0893055342356174e-61 7.789618357877964e-62 2.8147299854355266e-121
1.0 1.9880562089240192e-65 2.0893055342356174e-61 7.183717053776335e-125
1.0 7.043466004240229e-61 1.9880562089240192e-65 2.421774413710439e-124
1.0 1.2016028969709216e-64 7.043466004240229e-61 1.4637469193587246e-123
1.0 7.271717940318376e-71 1.2016028969709214e-64 1.5111813881374363e-133
1.0 3.7333754174501736e-70 7.271717940318374e-71 4.695234557109316e-139
1.0527326353195946e-116 1.0 2.2724856291666314e-187 3.733375417450172e-70
1.642832770236796e-203 1.0527326353195947e-116 9.023118609567173e-89 1.0
8.08749769814537e-188 9.023118609567172e-89 5.1824950896752186e-101 1.0
5.18249508967522e-101 1.5501483368439804e-173 1.0 5.173124897655803e-72
1.0 2.1980125090861442e-70 5.173124897655803e-72 1.9665352169096796e-140
1.0 6.459037594013444e-60 2.198012509086144e-70 2.4553679153826094e-128
1.0 1.2734455160997179e-72 6.459037594013446e-60 1.4225475284119742e-130
2.5101449489890153e-131 1.0 1.848249360797079e-204 1.2734455160997179e-72
1.121326647413569e-233 2.510144948989016e-131 2.5829424967865816e-104 1.0
2.5829424967865816e-104 2.3166622725823136e-164 1.0 1.5511957027660304e-59
3.7140537871067514e-101 1.0 3.331165249569475e-161 1.5511957027660308e-59
3.7140537871067527e-101 8.272992519747435e-170 1.0 3.85241484111492e-68
1.0 8.190455980502784e-64 3.85241484111492e-68 5.457072609721528e-130
1.5778068427478767e-99 1.0 7.472110937918047e-164 8.190455980502782e-64
1.05847625524483e-183 1.5778068427478765e-99 3.878900864408176e-86 1.0
3.878900864408177e-86 2.737776316809536e-150 1.0 1.2206970264415496e-63
1.0 1.4705921135541488e-72 1.2206970264415496e-63 3.1046934385151394e-134
1.0 1.6979328816542314e-70 1.4705921135541488e-72 4.3184844089266835e-141
1.0 3.7974224239947373e-62 1.697932881654231e-70 1.1151365073280744e-130
1.0 5.974103795996942e-59 3.797422423994737e-62 3.9235598258707056e-119
1.0 3.4290385976350714e-65 5.974103795996941e-59 3.542939547106765e-122
1.0 2.9947405747718004e-60 3.429038597635071e-65 1.7760295398271797e-123
1.0 1.2019864792365289e-55 2.9947405747718e-60 6.225545244866129e-114
1.0 3.1436144597195616e-72 1.2019864792365289e-55 6.535028181160841e-126
1.0 6.233170916432722e-58 3.1436144597195616e-72 3.3888856738848794e-128
1.0 3.6549424249525994e-61 6.233170916432722e-58 3.940108490244343e-117
1.0 7.7621882325955e-65 3.654942424952599e-61 4.906630055257262e-124
1.0 4.985096330688089e-69 7.762188232595501e-65 6.692314307748391e-132
1.0 2.84283905932382e-49 4.985096330688089e-69 2.4510063323956766e-116
9.082669963552375e-95 1.0 1.492956667971878e-144 2.8428390593238185e-49
2.513102335749339e-207 9.082669963552375e-95 1.5998454692246122e-114 1.0
1.1691188805689e-227 1.599845469224612e-114 4.2253436277989495e-115 1.0
1.959247770422758e-231 4.2253436277989495e-115 2.681073516727409e-118 1.0
9.736297460773493e-216 2.681073516727409e-118 2.099744762009224e-99 1.0
1.4612772273763926e-203 2.0997447620092242e-99 4.0239030192946226e-106 1.0
2.2611247722864253e-225 4.023903019294622e-106 3.2490651382982226e-121 1.0
3.249065138298222e-121 1.6119214669681704e-194 1.0 8.580331465577115e-73
1.0 1.5814364484096056e-61 8.580331465577115e-73 2.3467909995825333e-132
1.0 1.863840120913266e-67 1.5814364484096056e-61 5.097755533067713e-127
4.753081178642289e-107 1.0 5.122303218678872e-175 1.863840120913266e-67
6.620866440753925e-224 4.753081178642288e-107 8.054173687313942e-119 1.0
8.05417368731394e-119 3.541150805469226e-187 1.0 7.603998734798627e-68
1.0 4.697640665664037e-69 7.603998734798627e-68 6.177893736736041e-135
1.0 3.2769874962433762e-52 4.697640665664038e-69 2.662399249983623e-119
2.084387421952375e-96 1.0 3.949431843886199e-149 3.276987496243377e-52
2.084387421952375e-96 1.4143070993459119e-157 1.0 1.1735021298264335e-60
1.0 1.2317428039995609e-52 1.1735021298264337e-60 2.4998993317309553e-111
1.0 7.596410023184401e-60 1.2317428039995607e-52 1.6182552939483597e-110
1.0 2.749718167720587e-65 7.596410023184397e-60 3.612560972413368e-123
1.0 3.130510201035266e-69 2.749718167720587e-65 1.4887504678507537e-132
1.0 1.0176299918659151e-60 3.1305102010352657e-69 5.509645112994308e-128
1.0 9.313700687273373e-70 1.0176299918659151e-60 1.6391956000832535e-128
1.0689980358790719e-102 1.0 5.756792550680892e-173 9.313700687273376e-70
1.0492556779381027e-220 1.068998035879072e-102 5.6752607006675395e-120 1.0
2.849779735033681e-226 5.6752607006675395e-120 2.9034000039203995e-108 1.0
1.4036839039475063e-215 2.9034000039203987e-108 2.795399236754948e-109 1.0
4.108187325588119e-219 2.795399236754948e-109 8.497433833696178e-112 1.0
8.497433833696178e-112 2.717478110126164e-169 1.0 5.530913512416419e-57
1.0 4.691867108597284e-61 5.530913512416419e-57 4.48808604652661e-116
1.0 3.27560874168121e-55 4.691867108597284e-61 2.6580082755619087e-114
3.4701720211627766e-86 1.0 6.57240656524119e-142 3.2756087416812105e-55
3.470172021162776e-86 6.296252816061471e-147 1.0 3.137977019437331e-60
1.0 5.8720753679943326e-65 3.13797701943733e-60 3.186837980550045e-123
1.0 1.4440788819888053e-60 5.872075367994332e-65 1.4665644138010168e-123
1.3983906675218831e-94 1.0 1.1676181287974621e-155 1.4440788819888048e-60
1.2157420383675706e-192 1.398390667521883e-94 5.026831323981828e-100 1.0
5.026831323981829e-100 1.0862154575640154e-164 1.0 3.7371477710746704e-64
1.0 4.019912641807102e-68 3.7371477710746704e-64 2.598217422376138e-130
1.0 2.169553202862288e-69 4.019912641807101e-68 1.508361797753519e-135
1.0 3.059363725169746e-65 2.1695532028622877e-69 1.1479422016505548e-132
1.5741982822131415e-106 1.0 2.7846585001283286e-172 3.0593637251697464e-65
4.8971716644209335e-208 1.5741982822131415e-106 1.7987354305571858e-103 1.0
3.615063871288223e-210 1.7987354305571863e-103 1.1620640905071528e-108 1.0
3.01449421302147e-209 1.1620640905071524e-108 1.4999119626174399e-102 1.0
1.9922140973231544e-195 1.4999119626174405e-102 7.679830510541673e-95 1.0
4.3198420360094463e-184 7.679830510541673e-95 3.2523526237136324e-91 1.0
3.252352623713633e-91 7.241725878238357e-157 1.0 3.850907259904972e-65
1.0 1.2288394421768503e-57 3.850907259904971e-65 8.184210798145096e-121
1.0 6.968997704271627e-70 1.2288394421768498e-57 1.481098931085546e-125
1.0 1.2785219217878021e-53 6.968997704271628e-70 1.540980364672271e-121
1.2668433694388424e-99 1.0 9.365101681322766e-154 1.2785219217878024e-53
3.029925752930901e-220 1.2668433694388422e-99 1.3828989891595585e-122 1.0
1.3828989891595587e-122 1.5752874578719146e-179 1.0 1.9700985920251224e-56
1.0 1.7137001897637676e-57 1.970098592025122e-56 5.83903945723927e-112
1.0 2.6714465500334895e-62 1.7137001897637673e-57 7.917716340031956e-118
1.0 6.145003173209443e-71 2.6714465500334886e-62 2.839142594760149e-131
1.0 4.831344948874572e-70 6.145003173209443e-71 5.134625371470426e-139
1.0 2.3006156195139693e-59 4.831344948874571e-70 1.9223422668776155e-127
1.0 5.089144242646979e-79 2.3006156195139698e-59 2.0249179438442e-136
1.0 1.1082042687327503e-67 5.0891442426469787e-79 9.754009710130373e-145
1.0 9.573414093398036e-63 1.1082042687327501e-67 1.8348698636518655e-128
1.0 1.0446253465880572e-64 9.573414093398036e-63 1.7296013211112684e-125
1.0 2.54107696909338e-67 1.0446253465880572e-64 4.590891023736471e-130
1.0 1.8716998999403052e-59 2.5410769690933797e-67 8.225695746163924e-125
1.0 2.7501722577549395e-67 1.8716998999403045e-59 8.90255608821801e-125
1.0 3.975003659568865e-69 2.7501722577549402e-67 1.8906713106792557e-134
1.0 2.9538795241020713e-55 3.975003659568865e-69 2.0307147145690994e-122
1.0 2.9599405538857887e-64 2.9538795241020717e-55 1.5121482523811367e-117
2.6667010022574322e-114 1.0 4.563927202862632e-179 2.959940553885788e-64
4.704263748096694e-224 2.6667010022574322e-114 1.019996623466643e-111 1.0
7.24925599374478e-215 1.0199966234666433e-111 4.109378057716534e-105 1.0
1.9149654296087806e-207 4.1093780577165336e-105 2.694425847206567e-104 1.0
8.748890660331614e-225 2.6944258472065672e-104 1.877449000020475e-122 1.0
1.8774490000204753e-122 1.6141643602313175e-173 1.0 1.4869563169654954e-50
1.0 3.50586974220636e-68 1.4869563169654957e-50 9.015972761433755e-117
1.0 2.157459590024987e-67 3.5058697422063597e-68 1.3081485095174245e-133
1.0 2.7009876119105003e-64 2.1574595900249864e-67 1.0078220751356635e-129
1.0 1.9892136844991156e-71 2.7009876119104996e-64 9.292287432261661e-134
1.0 6.871315013769329e-60 1.9892136844991148e-71 2.3639587928504477e-129
1.0 4.929501328078783e-60 6.871315013769329e-60 5.858163001635524e-118
1.0 1.17984409467723e-54 4.929501328078784e-60 1.0058800985380551e-112
1.6581161549219002e-105 1.0 1.1311520039309333e-160 1.1798440946772298e-54
1.6581161549219004e-105 5.400012798463128e-170 1.0 5.632464239383692e-64
1.0 9.449972691124854e-58 5.6324642393836926e-64 9.205504636573467e-120
1.0 3.193421634267037e-61 9.449972691124854e-58 5.2192178079404686e-117
6.487093632265857e-117 1.0 1.1978096980443126e-178 3.193421634267038e-61
9.498126803338201e-231 6.487093632265859e-117 8.465823158297373e-116 1.0
1.002611139880033e-226 8.46582315829737e-116 6.847700052676361e-113 1.0
5.279377714620059e-208 6.84770005267636e-113 4.4577879040100655e-97 1.0
1.5054012927138126e-211 4.457787904010066e-97 1.952604467543257e-116 1.0
5.01288536704814e-238 1.9526044675432568e-116 1.484413482409866e-123 1.0
8.539255376880088e-234 1.4844134824098662e-123 3.3261858146593275e-112 1.0
1.984475958058275e-207 3.326185814659328e-112 3.4496952458356083e-97 1.0
3.216757427109738e-189 3.449695245835609e-97 5.391616300416903e-94 1.0
5.391616300416905e-94 3.2573734699320766e-158 1.0 1.0448818413843129e-63
1.0 9.120796677381053e-60 1.0448818413843128e-63 1.648232831922797e-121
1.0 4.6904497150897765e-65 9.120796677381051e-60 7.39887795030636e-123
1.0 3.0624093746358684e-64 4.690449715089776e-65 2.484255926129355e-127
1.0 2.38213224492754e-65 3.0624093746358684e-64 1.2616756400237407e-127
1.0 1.768916915717047e-64 2.3821322449275397e-65 7.28772384342474e-128
1.0 3.9673374826812544e-61 1.7689169157170464e-64 1.21373865909482e-123
1.0 3.32940152160543e-67 3.9673374826812544e-61 2.2844619227260668e-126
1.0 4.5459792632699694e-70 3.329401521605429e-67 2.6176539237655046e-135
4.8445451429937587e-98 1.0 1.2733912254243633e-168 4.54597926326997e-70
3.684820066110562e-218 4.84454514299376e-98 4.397893152729891e-122 1.0
1.2346593855643907e-227 4.3978931527298903e-122 1.623244289347658e-107 1.0
1.623244289347658e-107 1.1236963677626852e-171 1.0 1.1972468358097258e-63
1.0 4.5590886085964445e-60 1.1972468358097258e-63 9.440181310116343e-122
1.0 2.8243681768895524e-62 4.559088608596445e-60 2.2269883602012297e-120
1.0 2.5180808969878597e-70 2.8243681768895524e-62 1.23001269092759e-130
1.0 9.710454988311952e-74 2.51808089698786e-70 4.228904350373547e-142
6.958501870779842e-107 1.0 3.906939834169802e-181 9.710454988311955e-74
1.1343384136190389e-225 6.958501870779838e-107 9.425584398641529e-121 1.0
1.877643914139664e-241 9.425584398641529e-121 1.1518245818295318e-122 1.0
1.1518245818295318e-122 1.1191233505834736e-169 1.0 1.680390505825647e-46
5.466013040519209e-120 1.0 5.3108285104685714e-167 1.6803905058256468e-46
6.397117088076613e-233 5.46601304051921e-120 6.766982163551654e-115 1.0
6.766982163551657e-115 5.751127407862998e-176 1.0 1.4698619976849086e-60
1.0 5.6091291023223114e-67 1.4698619976849086e-60 1.4259050340020417e-125
1.0 2.860488828610087e-69 5.6091291023223114e-67 2.774944468831751e-134
1.0 6.837907983208545e-64 2.860488828610086e-69 3.3828451066546144e-131
1.0 2.7792972815762534e-57 6.837907983208543e-64 3.2868271027253425e-119
1.0 1.1134768619927908e-60 2.779297281576252e-57 5.352230444227451e-116
1.0 3.5294819437296416e-54 1.1134768619927904e-60 6.796898207617158e-113
1.0 9.020312755791668e-62 3.529481943729642e-54 5.5061896384860434e-114
1.0 3.4970081655242746e-57 9.020312755791668e-62 5.455528724525412e-117
1.0 1.6363785434411795e-67 3.497008165524274e-57 9.896896470921648e-123
1.0 1.703452240332554e-52 1.6363785434411795e-67 4.820946840197994e-118
1.0 2.8259958715540977e-61 1.7034522403325533e-52 8.325687184049184e-112
1.0 2.1605937898322626e-74 2.825995871554098e-61 1.0559983778841349e-133
1.0 6.380419365450778e-63 2.160593789832262e-74 2.3841904965102718e-135
1.0 7.755710550636514e-64 6.380419365450777e-63 8.558337747489118e-125
1.0 2.4604152200621935e-68 7.755710550636514e-64 3.300263391208508e-130
2.7125085094571623e-110 1.0 3.8588767670953215e-179 2.4604152200621935e-68
2.712508509457162e-110 4.78016986093719e-171 1.0 3.0478305968773937e-60
1.0 7.204731547880037e-55 3.0478305968773926e-60 3.7977575215513965e-113
1.0 2.623971541947312e-57 7.204731547880037e-55 3.2696068049113085e-110
1.0 7.439690243098933e-60 2.6239715419473107e-57 3.376234309857946e-115
1.0 2.259974714658627e-71 7.439690243098932e-60 2.9078837361853867e-129
1.0 1.2167325971001446e-61 2.2599747146586265e-71 4.755731508682206e-131
7.832621093722775e-118 1.0 5.510406739242172e-180 1.2167325971001445e-61
1.8781879226640712e-249 7.832621093722777e-118 1.3864790802168787e-133 1.0
1.579225645802226e-220 1.386479080216879e-133 6.585856482089023e-89 1.0
3.5313166279250935e-195 6.585856482089023e-89 3.1003147924139758e-108 1.0
2.3930971860154741e-206 3.1003147924139754e-108 4.463093026027946e-100 1.0
4.4630930260279456e-100 1.799025904463449e-155 1.0 6.971401287704582e-55
1.1603435755729925e-109 1.0 4.67722303424935e-165 6.97140128770458e-55
1.5952730410775886e-194 1.1603435755729925e-109 7.949317062774659e-87 1.0
1.0001595095248451e-175 7.949317062774658e-87 7.274796423823884e-91 1.0
4.0310543857996313e-194 7.274796423823884e-91 3.203901888133136e-105 1.0
2.679113723494851e-214 3.203901888133136e-105 4.8349650164374165e-111 1.0
9.24413086438596e-219 4.8349650164374194e-111 1.105488284085261e-109 1.0
3.055396316051187e-220 1.105488284085261e-109 1.598066331619433e-112 1.0
3.581504918246587e-254 1.598066331619433e-112 1.2958422793519567e-143 1.0
2.0457762289330513e-231 1.2958422793519571e-143 9.12824689093499e-90 1.0
4.417129508998311e-189 9.12824689093499e-90 2.7979126407771356e-101 1.0
9.594147065325524e-212 2.797912640777136e-101 1.982684522648083e-112 1.0
5.240037791107626e-219 1.9826845226480828e-112 1.5281366727092673e-108 1.0
3.589843877773762e-223 1.5281366727092673e-108 1.3582970541287888e-116 1.0
1.0072888467285101e-230 1.3582970541287888e-116 4.287860639921311e-116 1.0
7.742817478556408e-218 4.2878606399213117e-116 1.0440943733207719e-103 1.0
5.972200937492527e-210 1.0440943733207718e-103 3.307318738236585e-108 1.0
3.3073187382365853e-108 1.433952639970895e-182 1.0 7.498551196178233e-74
1.0 1.0001474208804484e-66 7.498551196178233e-74 1.297059756642486e-138
1.0 1.5495023250311442e-68 1.0001474208804485e-66 2.680247231820182e-133
1.0 4.005354595283609e-55 1.5495023250311437e-68 1.073375818638478e-121
1.0 2.8311490185486096e-56 4.005354595283609e-55 1.961201894557375e-109
1.5991817280742832e-132 1.0 2.6178330336738656e-189 2.831149018548609e-56
9.618409076092441e-234 1.599181728074283e-132 3.47765759978363e-103 1.0
1.0477827414473504e-210 3.4776575997836307e-103 1.7420708579333033e-109 1.0
6.231798890310714e-225 1.7420708579333038e-109 2.0683737108778512e-117 1.0
3.876142005883298e-211 2.0683737108778516e-117 1.0835577573209773e-95 1.0
3.1180870922047682e-198 1.0835577573209778e-95 1.663863026678306e-104 1.0
5.1980089282628565e-202 1.6638630266783063e-104 1.8063455991732242e-99 1.0
1.8063455991732249e-99 2.5802601114935033e-163 1.0 2.47047946228475e-63
1.0 1.2223138933202688e-54 2.4704794622847493e-63 5.222549927847645e-116
1.0 1.3916752798077288e-69 1.2223138933202686e-54 2.941976949456411e-122
1.0 3.700283592745679e-64 1.3916752798077283e-69 8.9061812156439e-132
1.0 1.9954254257388658e-55 3.700283592745679e-64 1.2769947632028799e-117
6.635325732769908e-114 1.0 7.655598429945755e-170 1.9954254257388658e-55
3.2686726816742975e-219 6.635325732769909e-114 2.848331817979898e-107 1.0
2.8483318179798994e-107 8.482283627452677e-168 1.0 5.150398269343101e-60
1.0 5.990874886192076e-62 5.150398269343103e-60 5.336415879348179e-120
1.0 7.873923570165018e-63 5.990874886192075e-62 8.158307100775274e-123
1.0 3.236065917410282e-65 7.873923570165019e-63 4.4068387429412766e-126
1.0 3.7574742282687937e-66 3.2360659174102817e-65 2.102964660144811e-129
2.967565799170173e-84 1.0 6.44729828308277e-151 3.757474228268795e-66
2.1577215725713355e-203 2.9675657991701726e-84 4.204132952482799e-121 1.0
4.3375676425961815e-216 4.2041329524827994e-121 5.96555994590913e-97 1.0
3.9332964482551826e-212 5.96555994590913e-97 3.812298175503667e-117 1.0
9.31380602448673e-230 3.8122981755036666e-117 1.412608200134333e-114 1.0
1.5693199336393337e-221 1.4126082001343334e-114 6.423491646772261e-109 1.0
1.7443532129400585e-224 6.423491646772262e-109 1.5701627180733323e-117 1.0
1.2961203818683553e-242 1.570162718073332e-117 4.77289713137287e-127 1.0
3.5555540836565425e-244 4.772897131372871e-127 4.3073147697926767e-119 1.0
4.307314769792675e-119 1.736828749026735e-173 1.0 6.973792056092803e-54
2.0946712239562788e-88 1.0 8.44629518845542e-143 6.973792056092805e-54
7.725439479365333e-210 2.0946712239562785e-88 2.1324984469966772e-123 1.0
6.056069285683268e-227 2.1324984469966765e-123 1.642039148308537e-105 1.0
6.893210235270734e-222 1.6420391483085369e-105 2.427277401909373e-118 1.0
3.367718744699348e-234 2.427277401909374e-118 8.022279649899029e-118 1.0
1.2634802731757476e-218 8.022279649899029e-118 9.106511996183826e-103 1.0
9.402837693987988e-210 9.106511996183828e-103 5.97019162746286e-109 1.0
1.9279147134398786e-239 5.970191627462859e-109 1.8671574514983844e-132 1.0
1.1415072458676195e-243 1.867157451498384e-132 3.5349162255250237e-113 1.0
2.832081024263091e-218 3.534916225525023e-113 4.632420168021648e-107 1.0
5.590403368592e-221 4.6324201680216475e-107 6.977769140629579e-116 1.0
1.9155764733985698e-228 6.977769140629578e-116 1.5873192869433791e-114 1.0
2.6550244409614443e-238 1.5873192869433788e-114 9.671317156495154e-126 1.0
8.52838417819813e-219 9.671317156495153e-126 5.0987359979309655e-95 1.0
5.968775783600985e-225 5.098735997930965e-95 6.768682370897751e-132 1.0
6.768682370897751e-132 4.99695069230837e-194 1.0 1.2767901801431111e-61
1.0 2.9825813653043553e-59 1.2767901801431111e-61 6.586132119428638e-119
1.0 4.9233826636094623e-76 2.9825813653043544e-59 2.539653672258183e-133
1.0 2.1353350084032312e-73 4.923382663609461e-76 1.8182274786120842e-147
1.2391112748305724e-106 1.0 1.5298812585430536e-180 2.1353350084032312e-73
3.515277064425209e-204 1.239111274830572e-106 1.640327807712813e-99 1.0
1.640327807712813e-99 4.416596681765465e-169 1.0 4.656672538583904e-69
1.0 8.045439939321663e-59 4.656672538583903e-69 6.479538887667567e-126
1.0 1.7137000925304152e-67 8.045439939321661e-59 2.3845323671238996e-124
1.0 4.606099897936497e-60 1.7137000925304152e-67 1.365170130617085e-125
1.0 3.2303084537959544e-64 4.6060998979364964e-60 2.5733327745174456e-122
1.0 1.1173445023481957e-70 3.230308453795953e-64 6.2423727058277926e-133
1.0 9.253613604108885e-53 1.1173445023481952e-70 1.7882040002924997e-121
1.0 5.4100706057254565e-71 9.253613604108883e-53 8.658305364810704e-122
1.0 7.759241670935148e-61 5.410070605725454e-71 7.2600701369776e-130
1.0 4.592343356892884e-62 7.75924167093515e-61 6.162717142515872e-121
1.0 1.1129774500864633e-56 4.592343356892884e-62 8.839736538396545e-117
1.0 1.1368332906318632e-66 1.1129774500864635e-56 2.1882742635479427e-121
1.0 3.2300043316779e-69 1.136833290631863e-66 6.350654588383638e-134
1.0 4.59804326705562e-58 3.2300043316779003e-69 2.5685898550070875e-125
1.0 1.0218046088412867e-53 4.59804326705562e-58 8.125676260953515e-110
1.0 5.797460765203504e-63 1.0218046088412867e-53 1.0245290567652604e-114
1.0 5.71865974293915e-52 5.797460765203506e-63 5.733907463031383e-113
5.9242215426899606e-108 1.0 1.9588759919988908e-160 5.718659742939151e-52
2.0530528909723935e-202 5.92422154268996e-108 2.0037809444653885e-96 1.0
2.003780944465389e-96 1.732508357164306e-160 1.0 1.495352911090568e-63
1.0 8.195371881249332e-64 1.4953529110905682e-63 2.1194880407587857e-125
1.0 3.0305362629765947e-61 8.19537188124933e-64 4.2954310777248266e-123
8.572745421733516e-131 1.0 1.5021759601807977e-192 3.0305362629765947e-61
3.641718524415683e-226 8.572745421733518e-131 2.4562232825301757e-97 1.0
1.8925276821105442e-203 2.4562232825301757e-97 4.455082926794924e-108 1.0
1.8772305317804515e-211 4.455082926794922e-108 2.4363698256152236e-105 1.0
2.436369825615224e-105 1.9399435522276603e-159 1.0 1.377096852248822e-53
1.0 2.5822463232089183e-66 1.3770968522488216e-53 6.150079897402862e-118
1.0 2.0883856578815376e-55 2.5822463232089183e-66 9.326677808890245e-120
7.319139995611615e-101 1.0 8.837962440846493e-157 2.088385657881538e-55
3.6102629245687797e-211 7.319139995611616e-101 2.8520699493206513e-112 1.0
5.769085845582372e-212 2.8520699493206513e-112 1.169575397491645e-101 1.0
6.157086841901278e-203 1.1695753974916448e-101 3.043886471301339e-103 1.0
3.04388647130134e-103 7.01236092419729e-161 1.0 3.984321868990251e-57
1.0 5.035853755647923e-64 3.984321868990249e-57 3.470133070372479e-119
1.0 1.0518086721236785e-68 5.03585375564792e-64 9.160695789283562e-131
1.0 3.796756392300498e-68 1.0518086721236785e-68 6.906660118331346e-135
1.0 2.884152760034314e-74 3.796756392300498e-68 1.8938675227581663e-140
1.0 4.8278031681547795e-65 2.8841527600343132e-74 2.4081659926823314e-137
1.6440005001911858e-118 1.0 4.589156794483091e-184 4.8278031681547795e-65
6.00231640161491e-230 1.644000500191186e-118 2.11104910184663e-113 1.0
1.0037749735909488e-217 2.1110491018466298e-113 2.749282857229802e-106 1.0
1.0382304153802835e-212 2.7492828572298024e-106 2.18351268318388e-108 1.0
2.0184078234527962e-231 2.1835126831838797e-108 5.344838627064046e-125 1.0
6.167453315489866e-253 5.344838627064045e-125 6.671948245959391e-130 1.0
6.6719482459593915e-130 1.2396514050624013e-184 1.0 3.21340535214318e-54
1.0 1.5764116072875337e-63 3.21340535214318e-54 8.761001228011712e-116
1.0 1.5216814737097627e-68 1.5764116072875337e-63 4.148699525543048e-130
1.0 2.865566926468756e-61 1.5216814737097623e-68 7.541416273068818e-128
1.0 5.065106554796661e-65 2.865566926468756e-61 2.5102544558189695e-124
1.0 2.7932926451953374e-70 5.06510655479666e-65 2.4469417357662974e-133
1.0 1.5018250881743267e-62 2.7932926451953374e-70 7.255283671366294e-131
1.0 5.387496588170092e-62 1.5018250881743263e-62 1.39934553914091e-122
1.0 8.679003316507439e-62 5.387496588170091e-62 8.08677699605329e-122
1.0 5.85295735492869e-63 8.679003316507436e-62 8.78544610137652e-123
1.0 6.82806962326135e-61 5.852957354928689e-63 6.911811813404029e-122
1.0 3.828117513147754e-69 6.828069623261352e-61 4.520659599235347e-128
1.0 1.356301745956314e-66 3.8281175131477534e-69 8.97966606320058e-134
1.0 3.474403315814758e-69 1.3563017459563138e-66 8.149953975482665e-134
1.0 2.7716135952658785e-70 3.474403315814758e-69 1.6654496911608726e-137
1.0 9.920579318958167e-67 2.7716135952658782e-70 4.755413882922024e-135
1.0 3.603958317491305e-71 9.920579318958169e-67 6.1835147026786005e-136
1.0 4.656479003566317e-64 3.6039583174913054e-71 2.9023916301180612e-133
2.2495304554649183e-95 1.0 6.056628303650758e-160 4.656479003566316e-64
7.886406874211865e-188 2.249530455464919e-95 2.0270697725497307e-94 1.0
5.577410510797718e-223 2.0270697725497305e-94 1.590908890041698e-130 1.0
1.7003845961415417e-225 1.5909088900416984e-130 6.179925630137481e-97 1.0
6.17992563013748e-97 1.2223106064766063e-161 1.0 3.420715346946092e-64
2.4257313463025094e-93 1.0 4.7977877574917936e-158 3.420715346946092e-64
5.457406440379755e-209 2.4257313463025094e-93 1.3008433290213562e-117 1.0
1.3008433290213558e-117 5.07028800593174e-186 1.0 6.7410296835906936e-68
1.0 4.9740314692152135e-71 6.7410296835906936e-68 5.799003524054439e-137
1.0 1.4628685082486192e-65 4.974031469215213e-71 1.258439738844664e-134
1.0 1.4436368056603348e-64 1.4628685082486192e-65 3.652429494959296e-128
1.6551099789558517e-96 1.0 1.3815486998471157e-161 1.4436368056603343e-64
6.323908688555526e-193 1.6551099789558515e-96 2.2092259140180936e-98 1.0
4.219807341513334e-226 2.209225914018094e-98 1.1044190522310004e-129 1.0
7.496696006365031e-225 1.1044190522310005e-129 3.9247988702816096e-97 1.0
1.8127132139040493e-199 3.924798870281609e-97 2.6705031229314058e-104 1.0
1.4303663887721076e-188 2.6705031229314042e-104 3.096960039614248e-86 1.0
5.838250933332635e-204 3.0969600396142483e-86 1.090005153386335e-119 1.0
8.662978885751759e-246 1.090005153386335e-119 4.5953659305768286e-128 1.0
4.301196119392641e-242 4.5953659305768286e-128 5.4119096879877e-116 1.0
2.7203279544750863e-214 5.4119096879877e-116 2.906378145750717e-100 1.0
3.538345737540608e-181 2.906378145750717e-100 7.03930110520113e-83 1.0
7.03930110520113e-83 1.3443891601586427e-144 1.0 3.303041757563266e-61
1.0 8.569354995763733e-70 3.303041757563266e-61 4.895316807743988e-129
2.090341377647949e-109 1.0 1.0357304564233014e-179 8.569354995763729e-70
2.11203431796479e-231 2.0903413776479501e-109 5.842048374107299e-124 1.0
7.962696680171183e-258 5.842048374107301e-124 7.880910933427017e-136 1.0
7.880910933427017e-136 2.84295332524478e-198 1.0 6.2389558859027625e-62
1.0 1.463603541904316e-60 6.238955885902764e-62 1.5792612205338226e-120
1.0804997260797156e-117 1.0 9.143858743894524e-179 1.4636035419043154e-60
1.0195092137451117e-231 1.0804997260797156e-117 5.455667441414565e-116 1.0
5.455667441414565e-116 8.363257631097344e-183 1.0 2.651222584652683e-66
1.0 7.85705343337318e-74 2.651222584652684e-66 3.6026701555329416e-138
4.894014203881775e-95 1.0 2.2233422840244202e-169 7.85705343337318e-74
5.59695982002041e-198 4.8940142038817746e-95 6.6125407155760684e-105 1.0
4.691932539585523e-217 6.612540715576067e-105 4.1026530886017505e-114 1.0
3.2357432415744074e-228 4.1026530886017505e-114 4.560271007637076e-116 1.0
3.9118319473475005e-213 4.5602710076370763e-116 4.95987729022262e-99 1.0
4.959877290222621e-99 4.4055999063897306e-170 1.0 1.5362175661829283e-70
1.0 4.995748834271957e-65 1.5362175661829277e-70 1.3273086573687199e-133
1.0 8.150674423488371e-61 4.995748834271956e-65 7.0422712015790626e-124
1.0 2.115656186557992e-70 8.150674423488368e-61 2.9823406118476735e-129
1.0 2.0432326224035013e-67 2.115656186557992e-70 7.476210326455421e-136
1.0 2.7793802092810286e-58 2.0432326224035003e-67 9.821648315919817e-124
1.0 1.4368005360677901e-67 2.7793802092810282e-58 6.906580000070151e-124
1.0 3.1289703706794744e-75 1.4368005360677898e-67 7.775288933404744e-141
1.0 5.384101685180629e-53 3.1289703706794754e-75 2.913622677485947e-126
4.745776000359184e-119 1.0 1.4774128929694095e-172 5.384101685180628e-53
2.0168979341312526e-233 4.7457760003591844e-119 2.457299435187364e-116 1.0
3.313604125618122e-242 2.4572994351873644e-116 7.796935416478191e-128 1.0
9.789262220978503e-236 7.796935416478193e-128 7.259511883310504e-110 1.0
6.315204777555397e-217 7.259511883310503e-110 5.029923877911217e-109 1.0
5.029923877911218e-109 1.154145071681097e-171 1.0 3.96841966829725e-62
1.0 1.648823422419829e-69 3.968419668297249e-62 1.1316453576826894e-129
1.0 1.4262918077702673e-71 1.6488234224198292e-69 4.067252553600576e-139
1.0 5.295830158430083e-67 1.426291807770267e-71 1.3063544854122799e-136
1.0 6.963105667969172e-53 5.295830158430082e-67 6.377575943573205e-118
1.0 8.662556553624444e-55 6.963105667969171e-53 1.0432002279811601e-105
1.0 3.2257993527661305e-66 8.662556553624442e-55 4.8328357785909806e-119
1.0 1.3751714684848137e-60 3.225799352766129e-66 7.672074442977466e-125
1.0 3.0991218484672626e-59 1.3751714684848137e-60 7.370791214559024e-118
1.386865517181991e-103 1.0 2.4851602431332504e-163 3.0991218484672626e-59
1.3868655171819905e-103 1.294129620931445e-170 1.0 1.6138457848177686e-66
1.0 1.1268927771329147e-62 1.613845784817768e-66 3.145308380254267e-127
1.0 1.4214335611149082e-65 1.1268927771329142e-62 2.770306143132643e-126
1.0 1.0557401474959891e-70 1.4214335611149084e-65 2.5953874898382963e-134
1.0 1.4367721887373384e-60 1.0557401474959888e-70 2.62339420315335e-129
1.0 6.740334363736788e-61 1.4367721887373382e-60 1.6748964353664116e-119
1.0 5.903546649870482e-65 6.740334363736784e-61 6.881974273581252e-124
1.0 1.0595015894238103e-65 5.903546649870481e-65 1.0817657237393755e-128
1.0 4.916686856132006e-63 1.0595015894238103e-65 9.009335626136205e-127
1.672995981031516e-93 1.0 4.7560766158704194e-157 4.916686856132008e-63
3.849242347847122e-201 1.6729959810315156e-93 1.3303372536123851e-109 1.0
1.3303372536123854e-109 7.877670696985813e-175 1.0 1.0241290236095519e-64
1.6899743817599542e-103 1.0 1.0007283213107767e-168 1.0241290236095515e-64
1.6899743817599542e-103 3.904824615303807e-163 1.0 3.9961337512658705e-59
1.0 1.0726755610490658e-64 3.99613375126587e-59 7.413563407424691e-122
1.0 4.352052508523704e-69 1.0726755610490658e-64 8.07385819209923e-132
1.0 6.747916094194689e-60 4.352052508523703e-69 5.079049026103423e-127
1.0 4.031538875283858e-48 6.747916094194686e-60 4.704994610727833e-106
1.0 1.5916560958378927e-64 4.031538875283859e-48 1.1097845984617437e-110
1.0 2.048234285875926e-65 1.5916560958378927e-64 5.638290823491917e-128
1.0 2.0543955417956114e-65 2.0482342858759255e-65 7.277501441057927e-129
4.057477229528964e-124 1.0 4.819717135196086e-190 2.054395541795611e-65
6.891344219581299e-235 4.057477229528965e-124 9.820401579215499e-113 1.0
3.5803817055910395e-198 9.8204015792155e-113 2.1080527659871217e-87 1.0
2.108052765987122e-87 9.594767883361936e-154 1.0 7.871755566507366e-66
1.0 1.8296478050577082e-62 7.871755566507363e-66 2.4909080918991862e-126
1.0 2.2385926846690274e-67 1.8296478050577077e-62 7.083716695210453e-128
1.0 3.5683673284705998e-56 2.2385926846690268e-67 1.3815392858372245e-121
1.0 6.477322292487801e-67 3.5683673284705998e-56 3.997455756639435e-121
1.0 1.4203579577756245e-62 6.477322292487801e-67 1.5911529201317709e-127
1.0 2.48346594239897e-63 1.4203579577756247e-62 6.100629099278933e-124
1.0 3.644473952451077e-61 2.4834659423989697e-63 1.5653507430413125e-122
1.0 2.665566114393244e-77 3.644473952451077e-61 1.6801301062983885e-136
1.0 5.469205303043537e-64 2.665566114393243e-77 2.521345084930635e-139
1.0 6.0461988681518536e-64 5.469205303043536e-64 5.719067974495888e-126
1.0 3.2082521770356956e-66 6.0461988681518516e-64 3.3548223668950643e-128
1.0 2.2762602565571313e-71 3.208252177035695e-66 1.263016481610768e-135
1.0 1.5957948848166033e-68 2.2762602565571305e-71 6.282284339181178e-138
1.0 2.587619241820359e-71 1.595794884816603e-68 7.141608606407572e-138
1.0 8.863174882903864e-70 2.5876192418203597e-71 3.966507639928682e-139
1.4416278174939056e-90 1.0 7.387948644611904e-161 8.863174882903865e-70
1.4416278174939059e-90 1.0225304403543986e-144 1.0 1.226709409054076e-53
1.0 5.653677204059617e-59 1.226709409054076e-53 1.1994753015543742e-110
1.2135508364120166e-81 1.0 3.967074699370446e-141 5.653677204059615e-59
1.2135508364120166e-81 4.1039763498747726e-144 1.0 5.848782615303139e-62
3.70108164276116e-102 1.0 1.251628780196445e-164 5.848782615303142e-62
2.242249470280229e-199 3.70108164276116e-102 3.5029719535415926e-99 1.0
1.575237214945581e-232 3.5029719535415926e-99 2.6001038762652416e-135 1.0
2.600103876265242e-135 3.7719471626997267e-197 1.0 2.5089586647293187e-61
1.0 3.004918300103957e-63 2.508958664729318e-61 1.3039014836093256e-122
1.0 1.0675432617766921e-68 3.004918300103957e-63 5.548003888688783e-130
5.763564285572271e-110 1.0 3.5576074071623826e-179 1.0675432617766923e-68
1.3988100854223242e-212 5.76356428557227e-110 1.4032951001917316e-104 1.0
7.955299164111764e-197 1.4032951001917316e-104 3.277848695913166e-94 1.0
3.892264144519159e-190 3.2778486959131663e-94 6.865857700607979e-98 1.0
7.44976260548067e-222 6.865857700607978e-98 6.273776325181595e-126 1.0
2.330955116177346e-221 6.273776325181592e-126 2.1482571971359072e-97 1.0
5.657817364490851e-184 2.148257197135907e-97 1.5228041238200908e-88 1.0
1.5280295289507013e-182 1.522804123820091e-88 5.801884757904227e-96 1.0
5.801884757904228e-96 1.8733166432331302e-159 1.0 5.584196574693331e-63
1.0 6.961285636289719e-74 5.584196574693331e-63 6.72308739212621e-135
5.899118459138375e-92 1.0 2.3744223242622482e-166 6.961285636289717e-74
3.7957035722367097e-166 5.899118459138375e-92 3.720373710163253e-76 1.0
3.720373710163254e-76 4.934915397571636e-136 1.0 2.2940968545063394e-59
1.0 5.225024572026499e-72 2.294096854506339e-59 2.0730925510840877e-129
1.0 3.454918296723102e-72 5.225024572026497e-72 3.1220850032864174e-142
1.0 5.024130204285783e-64 3.4549182967231027e-72 3.002045511773609e-134
1.0 9.763723066509655e-66 5.024130204285783e-64 8.483888327494342e-128
1.0 8.356630800034394e-80 9.763723066509653e-66 1.4111243064742584e-143
1.0 3.671690641694835e-63 8.356630800034392e-80 5.306594497873067e-141
1.0 2.729329256189567e-72 3.671690641694835e-63 1.7331678232954775e-133
1.0 2.107224021902858e-65 2.7293292561895677e-72 9.946842551940847e-136
3.776001574906427e-103 1.0 4.600703768941337e-169 2.107224021902858e-65
7.596008401921275e-220 3.776001574906428e-103 1.163147161328687e-118 1.0
1.163147161328687e-118 8.80524301219825e-183 1.0 1.3092581493505857e-63
1.0 8.444770469033533e-56 1.3092581493505857e-63 1.912193071155844e-117
8.047837742238867e-105 1.0 3.929601012160241e-161 8.444770469033533e-56
7.609458424740775e-217 8.047837742238865e-105 5.467086335954269e-114 1.0
5.467086335954271e-114 6.018540802895546e-184 1.0 1.9039427327684502e-69
1.0 4.245679314201967e-56 1.9039427327684494e-69 1.3980402459658246e-123
1.0 5.8117854772800624e-74 4.245679314201968e-56 4.267518060452803e-128
1.0 3.4163833681067927e-62 5.811785477280062e-74 3.433956416834729e-134
1.0 1.1232908590910596e-65 3.4163833681067927e-62 6.637085743489597e-126
1.0 6.0799640932766145e-62 1.1232908590910594e-65 1.1811684654927018e-125
1.0 1.7455133437540388e-67 6.079964093276614e-62 1.8354509885421022e-127
2.7463586357756878e-101 1.0 2.7717995375336737e-169 1.7455133437540388e-67
5.477942819699134e-213 2.7463586357756884e-101 1.1532982704976092e-113 1.0
3.951959241852867e-234 1.1532982704976092e-113 1.9813089967033048e-122 1.0
1.9813089967033048e-122 3.6043341162563634e-187 1.0 3.146237010772818e-64
1.0 1.1093510540797676e-64 3.1462370107728176e-64 6.036414317118947e-127
1.0 8.279007963731898e-67 1.1093510540797676e-64 1.5884220429896155e-129
1.0 3.199399932318091e-63 8.279007963731898e-67 4.5810542642420576e-128
1.0 1.9624957558140767e-53 3.199399932318091e-63 1.0859150746216328e-114
1.0 2.1686936252989346e-64 1.9624957558140765e-53 7.360808744662468e-116
1.0 9.977955329269973e-64 2.1686936252989343e-64 3.742470302111573e-126
1.0 3.188696689647367e-74 9.977955329269973e-64 5.50266876069312e-136
1.0 1.854872268852218e-51 3.188696689647367e-74 1.0229297839155428e-123
1.0 2.8568912974105564e-63 1.8548722688522178e-51 9.164870421882487e-113
1.0 8.68523522275564e-59 2.8568912974105564e-63 4.291349692201742e-120
1.0 1.5160427076976357e-60 8.68523522275564e-59 2.277254795427382e-117
1.0 2.3793950364631873e-71 1.5160427076976354e-60 6.23873576020746e-130
1.0 2.6755356359364404e-61 2.3793950364631873e-71 1.1010217433106232e-130
1.0 7.422685112778022e-53 2.6755356359364404e-61 3.434712428023133e-112
1.0 1.3632793021898402e-63 7.42268511277802e-53 1.7501065204311055e-114
1.9682353331744415e-106 1.0 1.551469564851932e-170 1.3632793021898407e-63
7.450154285850842e-204 1.9682353331744413e-106 2.1886163448663833e-99 1.0
6.536475744447573e-223 2.1886163448663833e-99 1.7268531658589867e-125 1.0
2.55167005301656e-216 1.7268531658589867e-125 8.543788737351303e-93 1.0
6.369658900213378e-195 8.543788737351303e-93 4.3106927654192124e-104 1.0
7.231700900517948e-219 4.310692765419213e-104 9.70006803718622e-117 1.0
2.5507779562758306e-212 9.70006803718622e-117 1.5204749523755195e-97 1.0
2.9255699113207655e-214 1.5204749523755203e-97 1.1125322420767998e-118 1.0
1.1125322420768e-118 6.0994118489354754e-179 1.0 9.481869146899409e-60
1.0 3.3741685693304426e-68 9.481869146899409e-60 5.5332378336312976e-126
1.0 2.762770190057577e-74 3.3741685693304426e-68 1.61224166927617e-140
1.0 1.6274789378146465e-59 2.7627701900575764e-74 7.776402706325867e-132
1.0 6.658642513279598e-60 1.6274789378146465e-59 1.8742161706777652e-117
1.0 9.425118192048651e-66 6.6586425132796e-60 1.0854032280016271e-123
5.311471218858613e-122 1.0 2.894563177170012e-188 9.425118192048653e-66
5.677166414722352e-233 5.311471218858613e-122 6.180138213368408e-113 1.0
1.0484027737182176e-206 6.18013821336841e-113 9.808698127881438e-96 1.0
9.225914788022026e-197 9.808698127881438e-96 5.438504166916709e-103 1.0
5.438504166916711e-103 5.842867453549968e-173 1.0 1.858083271312762e-69
1.0 3.5626498934584296e-64 1.858083271312762e-69 1.1448719725150333e-131
1.0 1.502700085961722e-71 3.562649893458429e-64 9.258999518886044e-134
1.0 6.404023549890878e-63 1.502700085961722e-71 1.6643468412725304e-132
1.0 7.21766540586013e-67 6.404023549890877e-63 7.994075951567702e-128
1.0 3.8258294734420754e-55 7.217665405860128e-67 4.7757431168352526e-120
1.0 1.0264749659205257e-57 3.825829473442075e-55 6.791920208878758e-111
1.0 1.5134466069550333e-60 1.0264749659205255e-57 2.686792149569785e-116
1.0 8.565262136867427e-68 1.5134466069550327e-60 2.2419522961970128e-126
1.0 5.938959316760438e-56 8.565262136867425e-68 8.797709424332082e-122
1.0 1.2766795562724322e-71 5.938959316760438e-56 1.311326563576477e-125
1.0 9.05702358121315e-69 1.2766795562724324e-71 1.9997974351273764e-138
1.0 7.315181590072576e-57 9.057023581213152e-69 1.1458538134683241e-123
1.7848745263756373e-142 1.0 7.549430619172758e-200 7.315181590072579e-57
3.528239995311252e-249 1.784874526375637e-142 1.142962081950044e-108 1.0
9.648564962163843e-218 1.1429620819500439e-108 4.881039226337413e-111 1.0
1.4793658852003274e-242 4.881039226337414e-111 1.7524462122035949e-133 1.0
8.373072227979348e-231 1.752446212203595e-133 2.76262244510183e-99 1.0
1.4767133515392876e-207 2.7626224451018295e-99 3.0906943699445704e-110 1.0
1.915977230677939e-211 3.09069436994457e-110 3.584393475048835e-103 1.0
1.0823482577633692e-207 3.584393475048836e-103 1.745953768670262e-106 1.0
4.7189177641706926e-213 1.7459537686702617e-106 1.562755603093827e-108 1.0
7.057974216414183e-212 1.5627556030938271e-108 2.6113819519996486e-105 1.0
9.461980010201292e-203 2.611381951999649e-105 2.095043396859602e-99 1.0
1.1833807155576602e-226 2.095043396859602e-99 3.265975028080789e-129 1.0
6.564241895500542e-231 3.2659750280807887e-129 1.1621257181022138e-103 1.0
8.769284625928338e-203 1.1621257181022138e-103 4.363072698775192e-101 1.0
2.953506740936685e-203 4.36307269877519e-101 3.9140548957463196e-104 1.0
1.4837892061063216e-189 3.914054895746319e-104 2.191930049174921e-87 1.0
5.846378789727452e-200 2.1919300491749205e-87 1.5422033958832079e-114 1.0
1.5422033958832077e-114 8.45518762018031e-180 1.0 9.482005403427336e-65
1.0 1.5363594336679111e-55 9.482005403427333e-65 2.519484172643019e-118
1.0 7.529967941387712e-60 1.5363594336679106e-55 2.0008040748403556e-113
1.0 5.200976013334936e-64 7.529967941387715e-60 6.773241842101909e-122
1.0 3.048889953380897e-66 5.200976013334936e-64 2.7424909594499333e-128
2.5016562301687865e-115 1.0 4.4101237357999594e-182 3.0488899533808975e-66
3.895462048749827e-212 2.5016562301687865e-115 9.003528487145616e-99 1.0
3.834152341187019e-245 9.003528487145616e-99 2.4622832854513428e-148 1.0
7.119893817971607e-262 2.462283285451343e-148 1.6719253986583444e-115 1.0
1.8400407812486189e-214 1.671925398658344e-115 6.3634399276871e-101 1.0
3.143062089517879e-219 6.3634399276871e-101 2.855896125008263e-120 1.0
8.446993525196525e-240 2.855896125008263e-120 1.7101773473203989e-121 1.0
9.736772468110426e-210 1.7101773473203993e-121 3.291965440581624e-90 1.0
5.319934676830004e-202 3.2919654405816246e-90 9.343991351689207e-114 1.0
1.6361653216608937e-211 9.343991351689208e-114 1.0124559832368586e-99 1.0
5.787669976983863e-202 1.0124559832368586e-99 3.305285688152295e-104 1.0
2.9091547717281806e-213 3.305285688152295e-104 5.089079312592714e-111 1.0
2.5697723966636237e-227 5.089079312592713e-111 2.919690628716652e-118 1.0
2.919690628716653e-118 3.2758925350596524e-192 1.0 1.9404900268373843e-73
1.0 8.535536317151037e-55 1.9404900268373843e-73 2.8645791997104224e-126
1.0 4.119346166440932e-71 8.535536317151035e-55 6.0810378726993755e-124
1.0 2.949395099822089e-66 4.119346166440931e-71 2.1012602649857267e-135
1.0 2.1156828724787276e-64 2.949395099822088e-66 1.0792004783349787e-128
1.0 3.371824457216371e-63 2.1156828724787276e-64 1.233769788018224e-125
1.0 7.904140772994982e-57 3.371824457216371e-63 4.609334514552711e-118
3.9343725803421678e-112 1.0 1.7980905003906536e-169 7.904140772994983e-57
3.2824466360198776e-232 3.9343725803421673e-112 4.823958745749989e-122 1.0
2.4136934812020434e-246 4.823958745749987e-122 2.8930765684302952e-126 1.0
2.8835935440954034e-218 2.8930765684302946e-126 5.763091463171096e-94 1.0
7.092905854329201e-188 5.763091463171097e-94 7.1162316794821354e-96 1.0
7.1162316794821354e-96 1.1287882230983464e-162 1.0 2.743348588297599e-66
1.0 2.068121573078361e-61 2.743348588297599e-66 9.812409514392737e-126
1.0597528224713455e-100 1.0 1.2672492481459517e-162 2.0681215730783617e-61
1.0597528224713457e-100 2.786742230331132e-161 1.0 4.547899107920833e-60
1.0 1.8904267004939504e-62 4.547899107920834e-60 1.486925703255944e-120
1.0 1.3844927559696321e-71 1.8904267004939502e-62 4.52656889691657e-132
1.0 8.690130821491463e-62 1.3844927559696321e-71 2.0808252378376296e-131
1.0 1.6635807328348447e-66 8.690130821491461e-62 2.5002808856437903e-126
1.0 8.464016553404056e-56 1.6635807328348447e-66 2.4352244216982626e-120
9.068672255849885e-98 1.0 4.438146216888276e-154 8.464016553404056e-56
9.068672255849885e-98 4.3940636507399662e-162 1.0 8.379946414350048e-64
1.0 3.299107081299364e-58 8.379946414350048e-64 4.7814130005416365e-120
1.0 3.7996214844406656e-66 3.2991070812993625e-58 2.167980398028714e-122
1.0 9.80616119835977e-68 3.799621484440666e-66 6.444036138887802e-132
1.0 1.5809642435928449e-58 9.806161198359768e-68 2.6812646369435475e-124
1.0 3.622910288732109e-64 1.580964243592845e-58 9.905997916515131e-121
1.0 1.6016606409306847e-62 3.622910288732109e-64 1.003567730030821e-124
1.0 2.46897731675163e-66 1.601660640930685e-62 6.839214233309539e-127
1.0 2.777171001399393e-62 2.4689773167516295e-66 1.1858733963811766e-126
1.0 8.451662980198066e-63 2.7771710013993935e-62 4.059414485258625e-123
1.383021090842985e-117 1.0 6.758531919827365e-181 8.451662980198069e-63
9.566368081694676e-223 1.3830210908429848e-117 3.9994445453732646e-107 1.0
1.4361630746401377e-229 3.999444545373265e-107 2.076277857129407e-124 1.0
7.07186847001996e-240 2.0762778571294068e-124 1.9693826054611233e-117 1.0
1.1786916027998533e-217 1.969382605461123e-117 3.4606006682004907e-102 1.0
3.460600668200491e-102 1.7921418449569898e-165 1.0 8.956524074638996e-63
1.0 2.764570108244745e-64 8.956524074638995e-63 4.2823850089602917e-125
1.0 2.051327342306939e-63 2.7645701082447448e-64 9.808016353174001e-126
1.0 1.4088412049188794e-64 2.051327342306939e-63 4.9982228830662176e-126
1.0 2.4563601137572423e-58 1.40884120491888e-64 5.985117575542715e-121
1.026283101182613e-103 1.0 1.4576075528922033e-162 2.456360113757242e-58
4.4809654342165596e-218 1.026283101182613e-103 2.524560666112291e-116 1.0
3.6486003178321714e-247 2.5245606661122906e-116 8.356451091025535e-133 1.0
9.584334067972816e-257 8.356451091025536e-133 6.631647944727595e-126 1.0
1.4796418393828206e-254 6.631647944727596e-126 1.2900796837158693e-130 1.0
2.587488231612965e-243 1.2900796837158693e-130 1.1596935526194871e-114 1.0
3.815583296039226e-240 1.1596935526194873e-114 1.902387972863303e-127 1.0
1.9023879728633034e-127 1.3266780637652209e-191 1.0 1.2061048426184763e-63
1.0 1.0872680357231418e-55 1.206104842618476e-63 2.2679855659645886e-117
1.0 5.883834596454756e-80 1.0872680357231415e-55 1.1064089510088863e-133
1.0 1.6586867156706126e-66 5.883834596454754e-80 1.6878872263700052e-144
1.0 2.6771164026199033e-64 1.6586867156706126e-66 7.679805584967384e-129
1.0 3.1985899118066657e-65 2.6771164026199026e-64 1.4809637309226069e-127
1.0 8.652599398635838e-66 3.1985899118066645e-65 4.7865628386730236e-129
1.0 1.7167707723185934e-68 8.652599398635835e-66 2.569079315534606e-132
1.0 4.258983655979851e-66 1.7167707723185934e-68 1.264552571046205e-132
1.0 3.711163098364851e-59 4.2589836559798507e-66 2.733597818228795e-123
1.0 2.123459382429598e-71 3.711163098364851e-59 1.3629270276153592e-128
1.0 4.486829499587588e-53 2.1234593824295986e-71 1.647791010851613e-122
1.0 6.600767641788239e-65 4.486829499587588e-53 5.122153818837864e-116
1.0 8.354609372167866e-66 6.600767641788238e-65 9.537602064995263e-129
1.0 3.0801221274635394e-71 8.354609372167865e-66 4.450539809544822e-135
1.0 4.833047375260419e-65 3.0801221274635382e-71 2.5745871275165616e-134
1.0 2.5226003001803264e-66 4.833047375260419e-65 2.108570372195595e-129
1.0 1.5608179053139087e-60 2.522600300180326e-66 6.809563689327509e-125
1.0 1.0508366860292298e-63 1.5608179053139093e-60 2.8366520610048187e-122
2.089435946012312e-115 1.0 1.2695379378103876e-179 1.0508366860292297e-63
5.6752551637977486e-235 2.0894359460123124e-115 1.5704992237009263e-121 1.0
1.7378034292869805e-221 1.5704992237009263e-121 6.398001230707453e-102 1.0
6.756188418443743e-224 6.398001230707452e-102 6.105747340305689e-124 1.0
6.10574734030569e-124 1.1622884372361556e-183 1.0 3.2922567210599225e-59
7.479382107079998e-103 1.0 1.423773185527006e-162 3.2922567210599216e-59
1.9011160791481201e-193 7.479382107079997e-103 1.4696851615483448e-92 1.0
5.457908541481769e-209 1.4696851615483443e-92 2.147253601975207e-118 1.0
4.635967242934155e-223 2.147253601975207e-118 1.2483558884471042e-106 1.0
1.017636143161917e-229 1.2483558884471045e-106 4.7134131010848047e-125 1.0
4.713413101084806e-125 7.507126533075966e-191 1.0 2.7545891716006494e-65
1.0 2.2221671428603627e-61 2.7545891716006486e-65 1.0586494159815183e-124
1.0 8.992536094555303e-65 2.2221671428603627e-61 3.4560300980061594e-124
1.0 3.6306972162312584e-69 8.992536094555303e-65 5.646649441450628e-132
1.0 6.546559066603424e-73 3.6306972162312584e-69 4.1107562658816113e-140
1.0 1.0379884038238401e-57 6.546559066603425e-73 1.1752335931114783e-128
1.0 7.7581392236e-57 1.0379884038238399e-57 1.3927355948139413e-112
1.0 1.5924220414587538e-64 7.7581392236e-57 2.1366547554246864e-119
1.0 1.3024364029920545e-63 1.5924220414587535e-64 3.587015976235435e-126
1.0 4.254224148243113e-63 1.302436402992054e-63 9.582867850947089e-125
1.0 1.8602032481871324e-61 4.254224148243111e-63 1.3686719645065518e-122
1.0 1.0088700709141426e-67 1.860203248187132e-61 3.245743839003322e-127
4.3355924939531166e-98 1.0 2.529094689437158e-166 1.0088700709141422e-67
1.6131553419804453e-211 4.335592493953116e-98 2.151340387363712e-115 1.0
4.096578323082071e-227 2.1513403873637116e-115 1.1010157401605637e-113 1.0
2.1465053097526808e-213 1.1010157401605636e-113 1.1272489381058228e-101 1.0
1.315567828550084e-190 1.1272489381058226e-101 6.747995823263941e-91 1.0
3.197945044625262e-188 6.747995823263939e-91 2.740170500860927e-99 1.0
1.6989177757196326e-201 2.7401705008609276e-99 3.584892765400331e-104 1.0
3.5500058704745094e-216 3.584892765400331e-104 5.725775257155641e-114 1.0
3.117100982842069e-223 5.725775257155642e-114 3.147733601048711e-111 1.0
2.463038930730458e-200 3.147733601048711e-111 4.524334451984638e-91 1.0
4.524334451984638e-91 8.246577665531531e-156 1.0 3.152373414810757e-64
1.0 3.4579309888176957e-68 3.1523734148107566e-64 1.885265770806244e-130
1.0 1.2362764072850673e-59 3.457930988817695e-68 7.39350732676374e-126
1.0 2.6233528490509738e-58 1.236276407285067e-59 5.609070444976271e-116
1.0 2.4554591831521144e-58 2.6233528490509734e-58 1.1140585917440618e-114
7.495444129871068e-111 1.0 1.0641711626983298e-169 2.455459183152115e-58
9.88408997816104e-201 7.495444129871068e-111 7.62466407428631e-92 1.0
1.7316251560806727e-186 7.62466407428631e-92 1.3131506936864999e-96 1.0
1.3131506936864997e-96 4.51508296724829e-168 1.0 5.9466143187634026e-71
1.416347575924514e-102 1.0 4.869910853724833e-174 5.946614318763405e-71
2.625005653183503e-218 1.4163475759245136e-102 1.0716224292400067e-117 1.0
2.18968572050118e-225 1.0716224292400067e-117 1.181466431703553e-109 1.0
1.1814664317035532e-109 2.1828893143631025e-180 1.0 3.195427236916614e-70
1.0 2.137211012418857e-63 3.1954272369166136e-70 1.1811224939545808e-131
1.0 7.162365476934759e-60 2.1372110124188568e-63 2.6474178091109913e-121
2.2287306223892938e-126 1.0 9.229867230717626e-187 7.162365476934757e-60
7.839296797063033e-240 2.2287306223892938e-126 2.033765718061405e-115 1.0
