2.8629239550856974e-91 1.0
6.040262625262751e-118 1.0
2.318838998520558e-105 1.0
1.9953820887516323e-124 1.0
1.734306120164738e-111 1.0
5.607099613270633e-107 1.0
1.0 3.38404551485577e-63
1.0 6.242176587425541e-72
1.0 6.93991866167116e-69
1.0 4.6554707159141356e-62
1.0 2.7691157950050693e-61
1.0 1.0200964166483766e-71
1.0 3.4217043153632785e-60
1.0 1.803656311380205e-66
1.0 9.33604517409323e-71
1.0 1.0776840895439496e-72
5.91759561768654e-103 1.0
4.7834885992171467e-113 1.0
1.3038155235434574e-111 1.0
9.812709783071064e-121 1.0
1.0 2.1671334208389768e-64
1.0 7.731278173002376e-54
1.0 6.4350974940311474e-68
1.2963479322283428e-89 1.0
1.0 7.71030318562344e-70
1.0 7.217173565983708e-58
1.0 2.847537681438001e-57
1.0 3.468578249963703e-52
1.0 1.1940398073670058e-70
1.0 9.500309767823903e-58
1.0 1.9593017140125082e-57
1.0 3.939014681206218e-63
1.872263445956127e-93 1.0
1.9851596988247856e-111 1.0
1.0 6.097712740170946e-73
1.0 2.131618953740167e-60
1.0 6.964510325897159e-62
1.0 4.577595988073607e-70
1.0 2.9693088083547336e-53
1.0 9.56560283949849e-72
1.3219351962970997e-92 1.0
6.863388866062737e-111 1.0
1.6231527257434326e-111 1.0
1.0 2.0869184158482307e-53
1.0 1.4272331713446032e-54
6.075478059010616e-110 1.0
2.5018213019001933e-97 1.0
2.6776503301384767e-89 1.0
2.84091682591771e-134 1.0
9.384425551087343e-109 1.0
3.652616981972603e-107 1.0
1.975158830194274e-116 1.0
1.0 1.2956102785403198e-64
7.723346113262362e-104 1.0
1.0 7.205848267664981e-66
1.0 5.991447640314906e-67
1.0 8.933863743102118e-61
5.439214113399452e-113 1.0
1.0 3.145453445299772e-67
1.0 1.3199734699036026e-62
1.6419588095798586e-118 1.0
1.0 5.831256446765435e-54
1.0 1.614406254548623e-58
1.0 7.966171953531163e-71
7.83745301701529e-142 1.0
1.0 9.694871084198761e-62
1.0 1.282585747715785e-73
1.0 3.554765493458463e-59
1.0 9.123970195569515e-60
1.0 1.5478069663066195e-70
1.0 1.2040706403963932e-65
5.931463887893248e-104 1.0
1.2983829753870453e-80 1.0
2.759119049475469e-112 1.0
1.1341409947155323e-79 1.0
3.0227010194057464e-119 1.0
6.403996958630416e-123 1.0
9.289179655873743e-117 1.0
6.7374720603227735e-93 1.0
1.1228198426378584e-103 1.0
9.332222872396072e-102 1.0
1.0 2.5781435361918553e-62
1.0 8.817884762858668e-60
1.0 2.4723108774659553e-67
1.0 6.704276997328247e-66
1.0 1.1330264449177224e-57
2.0780839940829268e-109 1.0
2.1051538548397566e-94 1.0
3.871538087021385e-127 1.0
3.5662764622525017e-125 1.0
1.3994710636640103e-95 1.0
3.746467051285394e-108 1.0
2.6254190041227645e-85 1.0
1.579815332734468e-107 1.0
1.6853197036695538e-103 1.0
4.0594869773877304e-105 1.0
1.0 5.411434158055815e-60
1.0 3.773812238882529e-63
1.0 7.802773246819546e-73
5.625682118577532e-127 1.0
1.9602183269587277e-109 1.0
1.2731462479348292e-114 1.0
1.3465116927677157e-104 1.0
2.5953454552684296e-99 1.0
1.309065401646609e-108 1.0
7.324797148367583e-116 1.0
3.378725863403191e-88 1.0
1.6687944521614655e-140 1.0
3.8323643056213607e-113 1.0
6.050582416927578e-90 1.0
1.0 2.7532590593571352e-70
7.741651820097484e-99 1.0
5.451847036322382e-82 1.0
3.6397799329458167e-88 1.0
1.0 1.6368934981017884e-67
1.0 5.983638283846159e-72
1.0 9.894063246301035e-69
1.0 1.2632107910440384e-62
1.0 4.378045820186367e-53
1.0 2.9253376591079475e-54
1.015581734022886e-123 1.0
1.7425926518904154e-105 1.0
2.962749850841579e-114 1.0
8.023847812560673e-111 1.0
1.0 7.1047280803407e-60
1.0 7.576222899120364e-70
1.0 9.65119857613576e-64
1.0 2.374656252817596e-55
1.0 9.99213155378232e-68
1.0 6.56105857351525e-73
1.0 7.386843575627455e-69
1.0 8.456519520748176e-62
1.0 7.770705511782132e-67
1.3397481618087057e-118 1.0
8.779371996600339e-122 1.0
1.926675062504174e-104 1.0
1.0 2.1809071578160443e-64
1.0 1.1557181419039644e-68
1.0 6.721985348900342e-60
3.448170065051166e-123 1.0
6.7718325998262045e-115 1.0
6.521619105876982e-121 1.0
1.0 9.399516755681035e-60
1.0 6.667597680429297e-59
1.0 6.266712186911834e-62
1.0 2.1697312732032415e-64
1.0 8.444006890487226e-70
1.0 2.2634991935532722e-69
1.0 4.714534829122662e-72
1.7440019677549944e-99 1.0
1.0 1.1548399507954896e-59
7.723104451153276e-106 1.0
1.4746774846927282e-90 1.0
4.096408104271157e-106 1.0
1.2605424825772176e-104 1.0
3.1418889586215475e-107 1.0
5.509008657853382e-122 1.0
2.0851971084225296e-118 1.0
4.745917999219251e-97 1.0
3.1005399778971037e-129 1.0
2.539419526851309e-138 1.0
9.132696603764888e-112 1.0
6.876331033635721e-131 1.0
1.0 2.472596764854358e-70
1.0 8.00515141773127e-68
1.0 2.7937499431703318e-58
1.0 4.103073620115594e-64
1.0 5.0044965873779336e-67
1.0 3.6481100646051677e-73
1.0 6.354082347335895e-56
1.0 1.7900092854663237e-72
1.0 1.2284737034501072e-69
1.0 1.2851869210779917e-61
3.3983605754960576e-104 1.0
3.3622023533282507e-108 1.0
3.120642340243338e-127 1.0
1.1359477746032545e-93 1.0
1.756434557544358e-122 1.0
1.915190697047925e-122 1.0
1.2608237414663165e-106 1.0
1.1922864549932898e-107 1.0
7.06476214067602e-106 1.0
6.565772375072606e-127 1.0
1.0 1.0490931160736274e-64
1.0 3.0823605696624516e-63
1.0 8.574075621334927e-62
1.0 1.2171708540975004e-70
1.0 1.2434531172738797e-55
2.0851770375843812e-109 1.0
5.121096918882239e-91 1.0
1.4103161642709245e-97 1.0
1.0 1.008687639970538e-68
1.0 1.2078894026197801e-55
1.0 1.445621005245506e-63
1.0 2.812089318795837e-64
1.0 4.963439369150772e-75
1.0 2.2020052344854467e-69
1.0 2.0765512218151705e-55
1.0 4.004653331839297e-64
1.0 2.323744440803022e-72
1.0 2.1717531949644505e-70
1.3611547583308295e-92 1.0
4.104711116704996e-104 1.0
2.80176752116138e-106 1.0
1.0 3.348930406286128e-66
5.0330635742297935e-90 1.0
9.668607542956694e-109 1.0
1.5354108694545785e-130 1.0
5.360377457226835e-95 1.0
3.2292110953525417e-101 1.0
1.6431270970569138e-91 1.0
1.4859189914843658e-128 1.0
1.2643879313454464e-120 1.0
1.2149241214015305e-108 1.0
8.682321061439079e-100 1.0
2.4038146670124595e-117 1.0
2.4294562806819188e-91 1.0
1.0 4.635783794270196e-59
1.0 1.0301288856641377e-66
1.0 2.784823971110391e-64
1.0 8.050920309198446e-62
1.0 2.258593060294948e-70
1.0 1.8602959104640106e-59
1.0 2.8740457089918932e-67
1.540754247343303e-133 1.0
4.8692160901415146e-121 1.0
7.801049297117344e-102 1.0
1.8508207180959547e-87 1.0
8.00216480231212e-79 1.0
1.0053488184704832e-104 1.0
2.4682582744958992e-108 1.0
1.3850380420714788e-127 1.0
1.6032329322780118e-113 1.0
2.12103048833214e-127 1.0
1.9104858745245526e-102 1.0
3.086716614028261e-106 1.0
1.0 4.77686260821965e-63
1.0 2.325337307889598e-66
6.076375177061953e-106 1.0
3.9523416158546717e-109 1.0
3.0901075896989093e-109 1.0
2.3019281422754827e-93 1.0
1.0 1.0021611174230712e-62
1.0 1.3513763437812568e-56
1.0 1.4617282945327834e-55
1.0 8.783270470236892e-60
1.0 3.6191134950455885e-70
1.0 1.7784396520517624e-68
1.0 6.824078538741867e-57
1.0 2.3380401855768234e-72
1.0 2.2032214471638915e-62
1.0 6.234280590565516e-65
1.0 2.900040081059717e-65
1.0 6.399103385245462e-63
1.0 4.831020384334777e-66
1.0 9.062111300903753e-70
1.0 5.437821391359482e-75
1.0 1.432679200929768e-69
1.0 2.4125254538028017e-65
1.0 3.952346650640605e-67
1.0 5.111754926582752e-65
1.0 2.7184302336246444e-54
1.0 1.571027507893322e-60
1.0 7.068662488056839e-68
1.392745314588182e-119 1.0
1.0 8.85407002226568e-62
1.0 7.905256337732335e-72
1.0 3.0526029656869525e-67
3.346424146987786e-111 1.0
1.6992914688367364e-104 1.0
1.0 1.988672097988715e-62
1.0 1.0160431903502512e-59
1.0 2.5214587399393823e-62
1.0 4.486599461296792e-58
1.0 3.895020719838805e-68
1.0 1.5910332538654283e-66
1.0 7.206573145927434e-65
1.0 3.903309136147197e-55
1.0 3.2107022807610614e-60
1.0 2.8737704428725286e-59
1.0 1.5980954947824422e-64
1.0 2.964026280664511e-63
1.0 5.406817277995029e-62
1.0 7.714455679238963e-73
1.0 5.7104404368403e-59
2.912310558121389e-87 1.0
1.0 3.4142621559378154e-58
1.0 2.8714013016521615e-55
1.0 2.4686412101707665e-59
1.0 3.2177838809953716e-62
1.2670387163599435e-115 1.0
1.8165832911137396e-116 1.0
2.9527033136470685e-130 1.0
3.1722194819225493e-111 1.0
1.0 2.369513053388944e-61
1.0 1.375578576722817e-71
6.661058812314731e-115 1.0
1.4304404853907072e-104 1.0
1.0 1.1483859856601792e-53
9.011491238787831e-116 1.0
3.60139186436023e-133 1.0
7.121287477439907e-113 1.0
2.390417050525427e-131 1.0
1.1364123717972265e-99 1.0
6.046320837352686e-123 1.0
3.489975773652855e-137 1.0
6.698523306841186e-119 1.0
1.7543867092091517e-111 1.0
1.5817587075402697e-100 1.0
8.530082378879388e-120 1.0
1.4787506660933265e-133 1.0
1.0 1.260291858019406e-63
1.1003366661366865e-123 1.0
4.105958052544905e-101 1.0
5.333789352333895e-83 1.0
4.6835486404620986e-111 1.0
1.4774948803242705e-128 1.0
1.6606430474172417e-87 1.0
1.8120957371726707e-123 1.0
2.0960728877126914e-129 1.0
1.358426283717827e-105 1.0
9.207225864644439e-102 1.0
2.060287829639431e-105 1.0
1.0 1.5290402651337097e-68
1.0 3.8480995695581855e-64
1.0 8.75214613757772e-61
1.0 3.669458998566289e-61
1.0447028735509061e-121 1.0
3.2196274122018286e-112 1.0
1.0 2.8472439524875816e-61
1.0 1.0770488403173103e-57
1.0 6.872023590594285e-63
1.0 1.1235590887798213e-63
1.0 9.750043517552924e-54
1.0 7.789618357877965e-62
1.0 2.089305534235617e-61
1.0 1.9880562089240192e-65
1.0 7.04346600424023e-61
1.0 1.2016028969709216e-64
1.0 7.271717940318374e-71
1.0 3.7333754174501736e-70
1.0527326353195946e-116 1.0
9.023118609567173e-89 1.0
5.1824950896752186e-101 1.0
1.0 5.173124897655803e-72
1.0 2.1980125090861442e-70
1.0 6.459037594013443e-60
1.0 1.2734455160997179e-72
2.510144948989016e-131 1.0
2.5829424967865816e-104 1.0
1.0 1.5511957027660304e-59
3.714053787106752e-101 1.0
1.0 3.85241484111492e-68
1.0 8.190455980502784e-64
1.5778068427478765e-99 1.0
3.878900864408176e-86 1.0
1.0 1.2206970264415496e-63
1.0 1.4705921135541488e-72
1.0 1.6979328816542314e-70
1.0 3.797422423994737e-62
1.0 5.974103795996942e-59
1.0 3.4290385976350714e-65
1.0 2.9947405747718004e-60
1.0 1.2019864792365289e-55
1.0 3.143614459719562e-72
1.0 6.233170916432722e-58
1.0 3.6549424249525994e-61
1.0 7.7621882325955e-65
1.0 4.985096330688089e-69
1.0 2.84283905932382e-49
9.082669963552378e-95 1.0
1.5998454692246118e-114 1.0
4.2253436277989495e-115 1.0
2.6810735167274085e-118 1.0
2.0997447620092234e-99 1.0
4.0239030192946226e-106 1.0
3.2490651382982226e-121 1.0
1.0 8.580331465577114e-73
1.0 1.5814364484096056e-61
1.0 1.863840120913266e-67
4.7530811786422887e-107 1.0
8.054173687313941e-119 1.0
1.0 7.603998734798629e-68
1.0 4.697640665664036e-69
1.0 3.2769874962433762e-52
2.0843874219523745e-96 1.0
1.0 1.1735021298264337e-60
1.0 1.2317428039995609e-52
1.0 7.5964100231844e-60
1.0 2.749718167720587e-65
1.0 3.130510201035266e-69
1.0 1.0176299918659151e-60
1.0 9.313700687273373e-70
1.0689980358790719e-102 1.0
5.6752607006675395e-120 1.0
2.903400003920399e-108 1.0
2.7953992367549486e-109 1.0
8.497433833696177e-112 1.0
1.0 5.530913512416419e-57
1.0 4.691867108597284e-61
1.0 3.275608741681209e-55
3.470172021162776e-86 1.0
1.0 3.1379770194373303e-60
1.0 5.872075367994333e-65
1.0 1.444078881988805e-60
1.3983906675218831e-94 1.0
5.026831323981829e-100 1.0
1.0 3.7371477710746704e-64
1.0 4.019912641807101e-68
1.0 2.1695532028622877e-69
1.0 3.059363725169747e-65
1.5741982822131415e-106 1.0
1.7987354305571855e-103 1.0
1.1620640905071528e-108 1.0
1.49991196261744e-102 1.0
7.679830510541672e-95 1.0
3.2523526237136324e-91 1.0
1.0 3.850907259904972e-65
1.0 1.2288394421768503e-57
1.0 6.968997704271627e-70
1.0 1.2785219217878024e-53
1.2668433694388426e-99 1.0
1.3828989891595587e-122 1.0
1.0 1.9700985920251224e-56
1.0 1.7137001897637673e-57
1.0 2.6714465500334886e-62
1.0 6.145003173209443e-71
1.0 4.831344948874572e-70
1.0 2.3006156195139693e-59
1.0 5.089144242646979e-79
1.0 1.1082042687327503e-67
1.0 9.573414093398036e-63
1.0 1.0446253465880572e-64
1.0 2.54107696909338e-67
1.0 1.871699899940305e-59
1.0 2.7501722577549402e-67
1.0 3.9750036595688645e-69
1.0 2.9538795241020717e-55
1.0 2.9599405538857887e-64
2.666701002257432e-114 1.0
1.019996623466643e-111 1.0
4.1093780577165336e-105 1.0
2.6944258472065666e-104 1.0
1.8774490000204753e-122 1.0
1.0 1.4869563169654957e-50
1.0 3.50586974220636e-68
1.0 2.157459590024987e-67
1.0 2.7009876119105003e-64
1.0 1.989213684499115e-71
1.0 6.87131501376933e-60
1.0 4.929501328078784e-60
1.0 1.1798440946772298e-54
1.6581161549218998e-105 1.0
1.0 5.632464239383691e-64
1.0 9.449972691124854e-58
1.0 3.1934216342670364e-61
6.487093632265857e-117 1.0
8.465823158297372e-116 1.0
6.847700052676362e-113 1.0
4.457787904010066e-97 1.0
1.9526044675432568e-116 1.0
1.4844134824098662e-123 1.0
3.3261858146593285e-112 1.0
3.4496952458356083e-97 1.0
5.391616300416904e-94 1.0
1.0 1.0448818413843129e-63
1.0 9.120796677381053e-60
1.0 4.690449715089776e-65
1.0 3.0624093746358684e-64
1.0 2.3821322449275397e-65
1.0 1.768916915717047e-64
1.0 3.9673374826812544e-61
1.0 3.329401521605429e-67
1.0 4.54597926326997e-70
4.844545142993758e-98 1.0
4.397893152729891e-122 1.0
1.623244289347658e-107 1.0
1.0 1.1972468358097259e-63
1.0 4.559088608596444e-60
1.0 2.824368176889552e-62
1.0 2.5180808969878594e-70
1.0 9.710454988311954e-74
6.95850187077984e-107 1.0
9.425584398641529e-121 1.0
1.1518245818295317e-122 1.0
1.0 1.6803905058256468e-46
5.466013040519209e-120 1.0
6.766982163551655e-115 1.0
1.0 1.4698619976849088e-60
1.0 5.6091291023223114e-67
1.0 2.860488828610087e-69
1.0 6.837907983208543e-64
1.0 2.7792972815762534e-57
1.0 1.1134768619927907e-60
1.0 3.5294819437296416e-54
1.0 9.020312755791668e-62
1.0 3.4970081655242746e-57
1.0 1.6363785434411798e-67
1.0 1.703452240332554e-52
1.0 2.825995871554098e-61
1.0 2.1605937898322626e-74
1.0 6.380419365450778e-63
1.0 7.755710550636514e-64
1.0 2.460415220062194e-68
2.712508509457162e-110 1.0
1.0 3.0478305968773937e-60
1.0 7.204731547880037e-55
1.0 2.623971541947312e-57
1.0 7.439690243098933e-60
1.0 2.259974714658627e-71
1.0 1.2167325971001446e-61
7.832621093722776e-118 1.0
1.3864790802168785e-133 1.0
6.585856482089022e-89 1.0
3.1003147924139754e-108 1.0
4.4630930260279456e-100 1.0
1.0 6.971401287704582e-55
1.1603435755729925e-109 1.0
7.949317062774658e-87 1.0
7.274796423823883e-91 1.0
3.203901888133136e-105 1.0
4.834965016437417e-111 1.0
1.1054882840852607e-109 1.0
1.598066331619433e-112 1.0
1.2958422793519567e-143 1.0
9.12824689093499e-90 1.0
2.797912640777136e-101 1.0
1.982684522648083e-112 1.0
1.5281366727092671e-108 1.0
1.358297054128789e-116 1.0
4.287860639921311e-116 1.0
1.044094373320772e-103 1.0
3.307318738236585e-108 1.0
1.0 7.498551196178233e-74
1.0 1.0001474208804485e-66
1.0 1.5495023250311442e-68
1.0 4.005354595283609e-55
1.0 2.83114901854861e-56
1.599181728074283e-132 1.0
3.47765759978363e-103 1.0
1.7420708579333036e-109 1.0
2.0683737108778512e-117 1.0
1.0835577573209773e-95 1.0
1.663863026678306e-104 1.0
1.8063455991732244e-99 1.0
1.0 2.47047946228475e-63
1.0 1.2223138933202688e-54
1.0 1.3916752798077285e-69
1.0 3.700283592745679e-64
1.0 1.995425425738866e-55
6.635325732769908e-114 1.0
2.848331817979899e-107 1.0
1.0 5.150398269343101e-60
1.0 5.990874886192077e-62
1.0 7.873923570165018e-63
1.0 3.2360659174102817e-65
1.0 3.7574742282687937e-66
2.967565799170173e-84 1.0
4.204132952482799e-121 1.0
5.96555994590913e-97 1.0
3.812298175503668e-117 1.0
1.4126082001343332e-114 1.0
6.42349164677226e-109 1.0
1.5701627180733321e-117 1.0
4.77289713137287e-127 1.0
4.307314769792677e-119 1.0
1.0 6.973792056092803e-54
2.0946712239562785e-88 1.0
2.1324984469966772e-123 1.0
1.6420391483085369e-105 1.0
2.4272774019093735e-118 1.0
8.022279649899029e-118 1.0
9.106511996183826e-103 1.0
5.970191627462859e-109 1.0
1.867157451498384e-132 1.0
3.5349162255250237e-113 1.0
4.632420168021648e-107 1.0
6.977769140629579e-116 1.0
1.5873192869433791e-114 1.0
9.671317156495153e-126 1.0
5.098735997930965e-95 1.0
6.768682370897751e-132 1.0
1.0 1.2767901801431111e-61
1.0 2.982581365304355e-59
1.0 4.923382663609462e-76
1.0 2.1353350084032312e-73
1.2391112748305721e-106 1.0
1.640327807712813e-99 1.0
1.0 4.656672538583904e-69
1.0 8.045439939321663e-59
1.0 1.7137000925304152e-67
1.0 4.606099897936497e-60
1.0 3.230308453795954e-64
1.0 1.1173445023481955e-70
1.0 9.253613604108885e-53
1.0 5.410070605725456e-71
1.0 7.759241670935148e-61
1.0 4.592343356892884e-62
1.0 1.1129774500864635e-56
1.0 1.1368332906318632e-66
1.0 3.2300043316779e-69
1.0 4.59804326705562e-58
1.0 1.0218046088412867e-53
1.0 5.797460765203504e-63
1.0 5.71865974293915e-52
5.92422154268996e-108 1.0
2.0037809444653885e-96 1.0
1.0 1.495352911090568e-63
1.0 8.195371881249332e-64
1.0 3.0305362629765947e-61
8.572745421733517e-131 1.0
2.4562232825301757e-97 1.0
4.455082926794924e-108 1.0
2.4363698256152236e-105 1.0
1.0 1.377096852248822e-53
1.0 2.582246323208918e-66
1.0 2.0883856578815376e-55
7.319139995611615e-101 1.0
2.8520699493206513e-112 1.0
1.1695753974916451e-101 1.0
3.0438864713013394e-103 1.0
1.0 3.9843218689902497e-57
1.0 5.035853755647922e-64
1.0 1.0518086721236785e-68
1.0 3.796756392300498e-68
1.0 2.884152760034314e-74
1.0 4.8278031681547795e-65
1.6440005001911858e-118 1.0
2.11104910184663e-113 1.0
2.749282857229802e-106 1.0
2.18351268318388e-108 1.0
5.344838627064046e-125 1.0
6.6719482459593915e-130 1.0
1.0 3.213405352143179e-54
1.0 1.5764116072875334e-63
1.0 1.5216814737097627e-68
1.0 2.865566926468756e-61
1.0 5.065106554796662e-65
1.0 2.7932926451953377e-70
1.0 1.5018250881743267e-62
1.0 5.387496588170092e-62
1.0 8.679003316507439e-62
1.0 5.85295735492869e-63
1.0 6.82806962326135e-61
1.0 3.828117513147754e-69
1.0 1.356301745956314e-66
1.0 3.474403315814758e-69
1.0 2.7716135952658788e-70
1.0 9.920579318958167e-67
1.0 3.603958317491305e-71
1.0 4.656479003566317e-64
2.249530455464918e-95 1.0
2.0270697725497302e-94 1.0
1.590908890041698e-130 1.0
6.179925630137481e-97 1.0
1.0 3.420715346946092e-64
2.4257313463025094e-93 1.0
1.300843329021356e-117 1.0
1.0 6.7410296835906936e-68
1.0 4.974031469215214e-71
1.0 1.462868508248619e-65
1.0 1.4436368056603348e-64
1.6551099789558515e-96 1.0
2.209225914018094e-98 1.0
1.1044190522310005e-129 1.0
3.9247988702816096e-97 1.0
2.6705031229314055e-104 1.0
3.096960039614248e-86 1.0
1.0900051533863348e-119 1.0
4.5953659305768286e-128 1.0
5.411909687987701e-116 1.0
2.906378145750717e-100 1.0
7.03930110520113e-83 1.0
1.0 3.3030417575632655e-61
1.0 8.569354995763731e-70
2.0903413776479494e-109 1.0
5.8420483741073e-124 1.0
7.880910933427017e-136 1.0
1.0 6.238955885902763e-62
1.0 1.4636035419043157e-60
1.0804997260797156e-117 1.0
5.455667441414565e-116 1.0
1.0 2.6512225846526835e-66
1.0 7.85705343337318e-74
4.8940142038817746e-95 1.0
6.61254071557607e-105 1.0
4.102653088601751e-114 1.0
4.560271007637076e-116 1.0
4.95987729022262e-99 1.0
1.0 1.536217566182928e-70
1.0 4.995748834271957e-65
1.0 8.150674423488372e-61
1.0 2.1156561865579925e-70
1.0 2.043232622403501e-67
1.0 2.7793802092810286e-58
1.0 1.4368005360677901e-67
1.0 3.1289703706794744e-75
1.0 5.384101685180629e-53
4.745776000359184e-119 1.0
2.4572994351873644e-116 1.0
7.796935416478191e-128 1.0
7.259511883310504e-110 1.0
5.029923877911217e-109 1.0
1.0 3.96841966829725e-62
1.0 1.648823422419829e-69
1.0 1.4262918077702673e-71
1.0 5.295830158430083e-67
1.0 6.963105667969172e-53
1.0 8.662556553624445e-55
1.0 3.22579935276613e-66
1.0 1.3751714684848137e-60
1.0 3.0991218484672626e-59
1.3868655171819905e-103 1.0
1.0 1.6138457848177686e-66
1.0 1.1268927771329147e-62
1.0 1.4214335611149084e-65
1.0 1.0557401474959891e-70
1.0 1.4367721887373384e-60
1.0 6.740334363736787e-61
1.0 5.903546649870481e-65
1.0 1.0595015894238103e-65
1.0 4.916686856132006e-63
1.6729959810315158e-93 1.0
1.3303372536123851e-109 1.0
1.0 1.0241290236095517e-64
1.6899743817599542e-103 1.0
1.0 3.9961337512658705e-59
1.0 1.0726755610490658e-64
1.0 4.352052508523704e-69
1.0 6.74791609419469e-60
1.0 4.031538875283858e-48
1.0 1.5916560958378927e-64
1.0 2.0482342858759255e-65
1.0 2.0543955417956114e-65
4.057477229528965e-124 1.0
9.8204015792155e-113 1.0
2.1080527659871217e-87 1.0
1.0 7.871755566507365e-66
1.0 1.829647805057708e-62
1.0 2.2385926846690274e-67
1.0 3.5683673284706007e-56
1.0 6.477322292487801e-67
1.0 1.4203579577756243e-62
1.0 2.48346594239897e-63
1.0 3.644473952451077e-61
1.0 2.665566114393244e-77
1.0 5.469205303043537e-64
1.0 6.0461988681518536e-64
1.0 3.208252177035696e-66
1.0 2.276260256557131e-71
1.0 1.5957948848166033e-68
1.0 2.587619241820359e-71
1.0 8.863174882903865e-70
1.4416278174939059e-90 1.0
1.0 1.226709409054076e-53
1.0 5.653677204059616e-59
1.2135508364120168e-81 1.0
1.0 5.848782615303139e-62
3.70108164276116e-102 1.0
3.502971953541592e-99 1.0
2.6001038762652413e-135 1.0
1.0 2.5089586647293187e-61
1.0 3.0049183001039564e-63
1.0 1.0675432617766921e-68
5.763564285572271e-110 1.0
1.4032951001917316e-104 1.0
3.2778486959131653e-94 1.0
6.865857700607979e-98 1.0
6.273776325181593e-126 1.0
2.1482571971359072e-97 1.0
1.5228041238200908e-88 1.0
5.801884757904226e-96 1.0
1.0 5.584196574693331e-63
1.0 6.961285636289719e-74
5.899118459138376e-92 1.0
3.720373710163253e-76 1.0
1.0 2.2940968545063394e-59
1.0 5.225024572026498e-72
1.0 3.4549182967231027e-72
1.0 5.024130204285783e-64
1.0 9.763723066509655e-66
1.0 8.356630800034394e-80
1.0 3.671690641694835e-63
1.0 2.729329256189567e-72
1.0 2.107224021902858e-65
3.7760015749064273e-103 1.0
1.163147161328687e-118 1.0
1.0 1.3092581493505857e-63
1.0 8.444770469033533e-56
8.047837742238869e-105 1.0
5.46708633595427e-114 1.0
1.0 1.9039427327684497e-69
1.0 4.245679314201968e-56
1.0 5.811785477280062e-74
1.0 3.4163833681067927e-62
1.0 1.1232908590910598e-65
1.0 6.0799640932766145e-62
1.0 1.7455133437540388e-67
2.7463586357756878e-101 1.0
1.153298270497609e-113 1.0
1.9813089967033048e-122 1.0
1.0 3.146237010772818e-64
1.0 1.1093510540797676e-64
1.0 8.279007963731899e-67
1.0 3.199399932318091e-63
1.0 1.9624957558140765e-53
1.0 2.1686936252989346e-64
1.0 9.977955329269973e-64
1.0 3.188696689647367e-74
1.0 1.8548722688522178e-51
1.0 2.856891297410557e-63
1.0 8.685235222755639e-59
1.0 1.5160427076976357e-60
1.0 2.3793950364631873e-71
1.0 2.6755356359364407e-61
1.0 7.422685112778022e-53
1.0 1.3632793021898402e-63
1.9682353331744418e-106 1.0
2.1886163448663833e-99 1.0
1.726853165858987e-125 1.0
8.543788737351304e-93 1.0
4.3106927654192124e-104 1.0
9.700068037186219e-117 1.0
1.5204749523755198e-97 1.0
1.1125322420767998e-118 1.0
1.0 9.481869146899409e-60
1.0 3.3741685693304426e-68
1.0 2.762770190057577e-74
1.0 1.6274789378146465e-59
1.0 6.658642513279598e-60
1.0 9.425118192048652e-66
5.311471218858612e-122 1.0
6.180138213368408e-113 1.0
9.808698127881436e-96 1.0
5.438504166916709e-103 1.0
1.0 1.858083271312762e-69
1.0 3.5626498934584296e-64
1.0 1.5027000859617224e-71
1.0 6.404023549890878e-63
1.0 7.21766540586013e-67
1.0 3.825829473442076e-55
1.0 1.0264749659205256e-57
1.0 1.5134466069550333e-60
1.0 8.565262136867425e-68
1.0 5.938959316760439e-56
1.0 1.2766795562724322e-71
1.0 9.05702358121315e-69
1.0 7.315181590072575e-57
1.784874526375637e-142 1.0
1.142962081950044e-108 1.0
4.881039226337413e-111 1.0
1.752446212203595e-133 1.0
2.7626224451018295e-99 1.0
3.0906943699445704e-110 1.0
3.5843934750488355e-103 1.0
1.7459537686702617e-106 1.0
1.5627556030938271e-108 1.0
2.611381951999649e-105 1.0
2.095043396859602e-99 1.0
3.2659750280807887e-129 1.0
1.1621257181022138e-103 1.0
4.363072698775192e-101 1.0
3.9140548957463196e-104 1.0
2.191930049174921e-87 1.0
1.5422033958832075e-114 1.0
1.0 9.482005403427336e-65
1.0 1.5363594336679113e-55
1.0 7.529967941387715e-60
1.0 5.200976013334936e-64
1.0 3.048889953380897e-66
2.5016562301687865e-115 1.0
9.003528487145616e-99 1.0
2.462283285451343e-148 1.0
1.6719253986583444e-115 1.0
6.3634399276871e-101 1.0
2.8558961250082638e-120 1.0
1.710177347320399e-121 1.0
3.291965440581624e-90 1.0
9.343991351689207e-114 1.0
1.0124559832368586e-99 1.0
3.3052856881522955e-104 1.0
5.089079312592716e-111 1.0
2.919690628716652e-118 1.0
1.0 1.9404900268373847e-73
1.0 8.535536317151035e-55
1.0 4.119346166440932e-71
1.0 2.949395099822089e-66
1.0 2.115682872478728e-64
1.0 3.37182445721637e-63
1.0 7.904140772994982e-57
3.9343725803421673e-112 1.0
4.8239587457499884e-122 1.0
2.8930765684302952e-126 1.0
5.763091463171097e-94 1.0
7.116231679482136e-96 1.0
1.0 2.7433485882975997e-66
1.0 2.0681215730783613e-61
1.0597528224713455e-100 1.0
1.0 4.5478991079208335e-60
1.0 1.8904267004939504e-62
1.0 1.3844927559696321e-71
1.0 8.690130821491463e-62
1.0 1.6635807328348447e-66
1.0 8.464016553404054e-56
9.068672255849885e-98 1.0
1.0 8.379946414350048e-64
1.0 3.299107081299363e-58
1.0 3.799621484440666e-66
1.0 9.80616119835977e-68
1.0 1.5809642435928449e-58
1.0 3.622910288732109e-64
1.0 1.6016606409306845e-62
1.0 2.46897731675163e-66
1.0 2.777171001399393e-62
1.0 8.451662980198065e-63
1.383021090842985e-117 1.0
3.9994445453732646e-107 1.0
2.0762778571294068e-124 1.0
1.9693826054611233e-117 1.0
3.4606006682004907e-102 1.0
1.0 8.956524074638997e-63
1.0 2.7645701082447448e-64
1.0 2.051327342306939e-63
1.0 1.4088412049188794e-64
1.0 2.4563601137572423e-58
1.026283101182613e-103 1.0
2.524560666112291e-116 1.0
8.356451091025535e-133 1.0
6.631647944727595e-126 1.0
1.2900796837158695e-130 1.0
1.1596935526194871e-114 1.0
1.9023879728633026e-127 1.0
1.0 1.2061048426184764e-63
1.0 1.0872680357231418e-55
1.0 5.883834596454755e-80
1.0 1.658686715670613e-66
1.0 2.6771164026199033e-64
1.0 3.198589911806665e-65
1.0 8.652599398635838e-66
1.0 1.7167707723185934e-68
1.0 4.2589836559798507e-66
1.0 3.711163098364851e-59
1.0 2.123459382429598e-71
1.0 4.486829499587588e-53
1.0 6.600767641788239e-65
1.0 8.354609372167867e-66
1.0 3.080122127463539e-71
1.0 4.833047375260419e-65
1.0 2.5226003001803264e-66
1.0 1.5608179053139087e-60
1.0 1.0508366860292298e-63
2.0894359460123124e-115 1.0
1.570499223700926e-121 1.0
6.398001230707452e-102 1.0
6.10574734030569e-124 1.0
1.0 3.292256721059922e-59
7.479382107079998e-103 1.0
1.4696851615483446e-92 1.0
2.1472536019752076e-118 1.0
1.2483558884471042e-106 1.0
4.713413101084805e-125 1.0
1.0 2.754589171600649e-65
1.0 2.222167142860363e-61
1.0 8.992536094555303e-65
1.0 3.630697216231259e-69
1.0 6.546559066603425e-73
1.0 1.03798840382384e-57
1.0 7.758139223600001e-57
1.0 1.5924220414587538e-64
1.0 1.3024364029920542e-63
1.0 4.254224148243113e-63
1.0 1.860203248187132e-61
1.0 1.0088700709141426e-67
4.335592493953116e-98 1.0
2.151340387363712e-115 1.0
1.1010157401605637e-113 1.0
1.1272489381058226e-101 1.0
6.74799582326394e-91 1.0
2.740170500860927e-99 1.0
3.584892765400331e-104 1.0
5.725775257155642e-114 1.0
3.1477336010487106e-111 1.0
4.5243344519846387e-91 1.0
1.0 3.152373414810757e-64
1.0 3.4579309888176957e-68
1.0 1.2362764072850673e-59
1.0 2.6233528490509738e-58
1.0 2.4554591831521144e-58
7.495444129871068e-111 1.0
7.624664074286307e-92 1.0
1.3131506936864997e-96 1.0
1.0 5.9466143187634026e-71
1.4163475759245138e-102 1.0
1.0716224292400067e-117 1.0
1.181466431703553e-109 1.0
1.0 3.195427236916614e-70
1.0 2.1372110124188573e-63
1.0 7.162365476934757e-60
2.2287306223892938e-126 1.0
2.033765718061405e-115 1.0
