-50.185847576810986 -3.6115529501858705
-60.85479918759697 -6.9529655522457485
-61.282989314454674 -10.287065309427444
-69.03566666129399 -13.664324561515368
-69.41089569967448 -16.991455602059176
-71.9811181097161 -20.31977559182389
-38.23450066371288 -36.25652407780165
-52.685469742331705 -53.7874165956065
-67.76905580695558 -70.64680604703179
-84.21418501303785 -84.33292950169007
-100.81504006582976 -99.64786131481807
-115.33998213709236 -117.13101236025878
-132.16083734259502 -131.5442514875742
-147.72366010481434 -147.89736076255264
-162.43778650353926 -165.16710580873865
-176.5288709558446 -181.52230118836883
-228.6430510363079 -180.9652439636621
-237.07289318271245 -184.29382083963114
-240.06907614884383 -187.62101956496522
-245.7992760767944 -190.98222125925906
-208.65864610679188 -207.16169307515267
-226.76906808078934 -221.10934839806222
-238.08528838777875 -238.0302927162435
-287.4118704975843 -241.4516179388521
-258.04844324359124 -258.792284157394
-275.33917298166125 -273.4627560599831
-292.7507617865559 -288.02380946373984
-308.4178853618665 -301.6863281509793
-318.3674173005874 -318.9325373402512
-335.6823382167851 -333.581027027649
-352.90559233635486 -348.17179651666765
-366.0997074920991 -364.09524999375293
-415.9660383067795 -367.4914232435833
-423.5110335084935 -370.81952894894397
-386.8082159425729 -388.86259625800665
-403.58762237755184 -403.05163917329406
-420.067907203019 -418.48280202856034
-434.91816835917746 -435.60109462020887
-453.14796329623005 -449.44715163452554
-465.6696479529136 -467.2157749903014
-515.3993093900906 -470.1721956030058
-525.7804879521635 -473.49911514948144
-529.5389746339694 -476.8273224700472
-496.71908756218556 -490.91653419573436
-510.5710533491681 -505.2129212659569
-560.8885370198726 -508.5399200061624
-561.0174001318604 -511.9146840625502
-562.5462638657174 -515.3674925711641
-576.4093374227043 -518.838742269736
-573.9529048602036 -522.1664701531803
-576.9129934644752 -525.496401229305
-582.6754689033046 -528.8367577618623
-546.2222858192398 -545.3189644198736
-598.8266217655464 -548.6506373547082
-566.0328127506077 -565.1363752911176
-581.5004353452127 -581.5891232419127
-597.9546386909333 -597.0455743029213
-652.6771407097743 -600.378931732158
-617.4912704545159 -617.1521098895917
-633.5783395177441 -632.970126684667
-689.5817233960305 -636.3257261680286
-656.1046620722221 -650.5130048543929
-669.6179446159139 -665.3038685559176
-681.7068915706876 -682.8643793523104
-743.1472852293866 -686.4193116854575
-704.6258002091016 -702.0651368999803
-718.1634130705985 -719.9788696946513
-735.1895256416 -734.1756357005802
-752.0963328321349 -749.2005006913312
-765.9037995098452 -766.4219260508239
-781.3843848668603 -782.8610611181412
-833.7292413109064 -785.8175822368376
-834.4593419164495 -789.3991527510503
-845.3305596666394 -792.7268629907414
-841.1534345216177 -796.3252617555864
-853.8703477793644 -799.6721650647781
-858.0705738640465 -803.0392109083725
-860.0071306190783 -806.3763701756262
-857.8346421232434 -809.7894512363141
-863.7304059802674 -813.1290696750561
-866.9126796439256 -816.4713700032364
-834.5625670738634 -832.2313453460222
-851.0810709950046 -847.2590133820263
-864.5961572449451 -863.7922764490908
-880.2725305369252 -880.0275503532221
-897.3523211188058 -894.8914385420487
-950.4434463231339 -898.2183265746081
-950.0226811229546 -901.6170932613865
-960.9966162908436 -905.0155641580888
-963.9380713193041 -908.39831102504
-960.473503747902 -911.7868144568788
-966.7619564391662 -915.1152137502829
-964.8314655199295 -918.6213236913412
-973.4519811014854 -921.9506290258912
-975.8508743657452 -925.290916377161
-979.850731690084 -928.6224952086677
-947.1799383185239 -943.9271863407907
-962.099218375857 -959.6070172782488
-975.6166156833706 -977.6253092047034
-1033.3006055178982 -980.1231070416521
-1035.394568795419 -983.4503111448388
-1039.9228274588506 -986.7816505170274
-1040.9352531553104 -990.1180570518271
-1043.0525633588377 -993.4793688630274
-1048.56010307703 -996.8072402918958
-1053.5672031532758 -1000.1416681660673
-1050.5206109848762 -1003.6081985023089
-1066.1049332269292 -1007.1625673030871
-1063.2925164783942 -1010.4912756232629
-1061.5553996207427 -1013.9223167109254
-1030.1881564195628 -1031.6406762022746
-1081.3526672621892 -1034.6435073430025
-1083.6001997794904 -1038.20149053877
-1088.857077427314 -1041.6530339690667
-1058.709200275373 -1058.4868622944987
-1073.1886276927114 -1076.0218733364784
-1088.3026991626562 -1091.1169398648583
-1104.6340678155514 -1104.9775636749846
-1122.8983299301694 -1118.7944533045209
-1138.5123941656889 -1133.0350942468608
-1191.907230321723 -1136.4162233993982
-1190.774905232832 -1139.7499789578026
-1196.1374925503144 -1143.0805586006832
-1198.9597074099918 -1146.4080707820478
-1164.9893152509173 -1161.6899659630042
-1178.5293274692576 -1178.7605719368203
-1194.6368036708254 -1194.5582126943393
-1212.438828939065 -1208.7725818935328
-1226.0316157281318 -1225.3886996697026
-1240.3227334030303 -1243.1404502358262
-1255.4116834812287 -1258.278252901833
-1271.90891512428 -1271.9250550735712
-1287.1531859159709 -1288.6146529169912
-1342.8896250826415 -1291.6014828680643
-1349.7356919622225 -1294.9615690354378
-1349.3651332271145 -1298.2948026274794
-1315.9717761096167 -1314.4737102353115
-1331.0992069563222 -1331.2889646627812
-1347.729699434191 -1346.575493715216
-1404.532473414919 -1349.9527555139703
-1406.4888131158843 -1353.2847086909642
-1411.504190183415 -1356.646970697392
-1375.2526914728294 -1371.90546776305
-1390.93271508791 -1386.7679263851169
-1405.1849053359765 -1402.2080190195802
-1420.1317185772741 -1418.135717230822
-1434.9843776312655 -1435.1960789302013
-1449.9717295492624 -1452.1636051434302
-1464.1881525280344 -1468.9090492527714
-1515.7873720382884 -1468.6336281285837
-1487.0083369526324 -1484.1147612149691
-1538.8411148937048 -1487.4448530634365
-1538.3654794119504 -1490.8828754426831
-1545.3868125903234 -1494.2150171086912
-1548.375235762207 -1497.551331291119
-1552.312973337132 -1500.8811445868357
-1559.0623742522641 -1504.2424222250734
-1561.59284654434 -1507.585685713145
-1559.9991424988875 -1510.9625167807453
-1570.8301169041715 -1514.3798430628128
-1576.3667074308896 -1517.903067040387
-1573.7141168736646 -1521.2303616812105
-1581.771794663641 -1524.6771685329416
-1541.1768341248653 -1542.1275938540052
-1556.4708526944373 -1558.7640587291964
-1573.6780946229776 -1572.3161148434608
-1589.7112244678988 -1588.1881491049332
-1605.1633083339643 -1604.6572341968467
-1619.4045030777402 -1622.4670405114516
-1637.090021130166 -1634.8198652069082
-1651.1423366285305 -1652.4728349336922
-1666.077242764709 -1669.265947347407
-1682.3623762595262 -1682.7975031198864
-1734.7631013236157 -1686.1314023276282
-1741.1174107148947 -1689.4597420725195
-1748.8610583715752 -1692.8590096482842
-1744.4950174712394 -1696.264570409429
-1754.5611501891292 -1699.6288575381236
-1757.916704772748 -1702.9929125359872
-1757.6150921408444 -1706.323901162254
-1761.1828122346824 -1709.653012584276
-1764.1022677687047 -1712.9857362131693
-1772.6000120856656 -1716.3930118588228
-1734.0066361198299 -1732.6372333482866
-1750.2151385716286 -1748.3344892555324
-1766.7135756179257 -1763.7480826312076
-1780.4308137212372 -1780.99245797447
-1797.9240342978592 -1795.480175651213
-1851.0318409723466 -1798.807063588855
-1849.833178366914 -1802.2399307499707
-1855.0598737695207 -1805.6044009040754
-1822.4213340338279 -1822.6997485232616
-1840.1636048622797 -1836.9665144489607
-1855.0550407282149 -1852.7291465893165
-1870.6753666580823 -1868.634162806268
-1884.4567872727241 -1886.875610141069
-1899.4417747795678 -1902.525511347467
-1917.231939522405 -1914.765137610406
-1932.7420681260471 -1930.6392891555408
-1946.983992500685 -1948.2666762941367
-1961.5266723285222 -1965.5456000321342
-2011.2534141400045 -1966.0293393222157
-2020.0711783543045 -1969.3673749988013
-2024.1955111729062 -1972.69669803334
-1989.7673100455004 -1989.514901995478
-2038.90389149071 -1992.9450666081118
-2048.0562329654044 -1996.272806895994
-2056.444442957594 -1999.7029432214456
-2051.643949756151 -2003.0964290552297
-2056.470103962385 -2006.4469460258802
-2057.5864618248493 -2009.874414230584
-2069.5835361499176 -2013.285386312389
-2071.150526287243 -2016.6390492758874
-2071.727278732467 -2019.9668875347518
-2073.0109908399986 -2023.3253109604534
-2080.42939881584 -2026.6644833755195
-2078.0494155126466 -2030.0807720067653
-2048.826151091451 -2045.2066154701859
-2062.6669493531176 -2061.6102831831085
-2078.6664130552217 -2077.516150944211
-2095.1593532628444 -2092.9350620430378
-2109.6707157233036 -2110.1204659816276
-2126.640003207845 -2125.086938741947
-2141.7986689948234 -2141.8684816049094
-2201.0120952214575 -2145.3457815519855
-2203.307168331946 -2148.70166473307
-2202.2176280724825 -2152.0491274799597
-2202.2586524470453 -2155.525280023615
-2203.757938514031 -2159.139342197012
-2213.322245583073 -2162.47534318886
-2217.4923886223196 -2165.80351945684
-2225.28694679736 -2169.2058268162345
-2225.42344486354 -2172.535099199871
-2231.9754462740284 -2175.935804202718
-2229.5927203706165 -2179.280453675666
-2234.0988665269692 -2182.609845579429
-2200.554504762413 -2198.516432552254
-2215.8010506570326 -2215.1053531437665
-2268.605564770531 -2218.4352536061087
-2273.636272020561 -2221.762661377859
-2276.98840077081 -2225.089991974069
-2276.940142261826 -2228.486965589501
-2246.496001288045 -2244.328931845327
-2263.8237177113124 -2258.766910943436
-2278.471949918354 -2273.0188707225343
-2291.868251540044 -2288.0468618879736
-2304.822901190806 -2305.187441857864
-2319.9874032370385 -2321.9626954194086
-2337.4760221047086 -2335.577855141032
-2351.8753378842152 -2353.204641526677
-2368.255203910482 -2368.5027637159556
-2384.124766779686 -2384.5400393970253
-2399.9279768985252 -2400.6449704715396
-2416.2000866184408 -2416.2794359707036
-2431.848105651979 -2432.5440320044763
-2446.7569142885786 -2449.597723704041
-2460.6413515478207 -2466.08768314293
-2475.5894508130327 -2478.7504808490776
-2491.3767115617275 -2492.809310842528
-2506.808423881855 -2508.9658588342604
-2522.660770888191 -2523.961830876872
-2540.678556766878 -2537.7865072018462
-2556.4851071156763 -2552.956622677243
-2569.940628381429 -2569.868782165915
-2626.1929175752057 -2573.230494829972
-2591.429082279663 -2588.8841095292496
-2605.333205496686 -2606.392024629272
-2620.49705634952 -2623.167979781997
-2674.5182384017235 -2624.9235296293614
-2679.339692629642 -2628.2566204490336
-2646.325237466373 -2644.039075391528
-2662.901226640476 -2659.05510559912
-2677.3926481073495 -2674.5724370731937
-2693.7672518000804 -2689.2810111530302
-2706.458893518699 -2705.983778253231
-2722.0108757888884 -2722.3481942974136
-2737.8930092143164 -2738.372693424426
-2755.738985954379 -2752.548673292843
-2771.3098631375233 -2767.659589815749
-2786.612947019395 -2782.590538439581
-2800.4876893297555 -2798.5450284371514
-2816.6927841354395 -2814.2456572008564
-2832.6497539093502 -2829.698242834613
-2845.9490508040217 -2847.4340126983775
-2862.7667813239987 -2862.156267435654
-2911.55329795543 -2865.6038068625076
-2884.524215559558 -2880.5654222697926
-2900.330154301676 -2894.765105499081
-2913.7051275376853 -2909.708456400735
-2927.818934451388 -2925.4492685711607
-2982.4411009864793 -2928.7867685298766
-2985.6871387245737 -2932.1229950113534
-2992.2284664384038 -2935.5502744958508
-2991.5227431747944 -2938.8781592894597
-2957.1625158962565 -2954.447476861832
-2970.7008834648127 -2972.1802352579825
-3025.579664182026 -2975.134729223627
-3029.5681709015466 -2978.4676269069864
-2998.054563996105 -2992.823711653122
-3049.84986864485 -2996.1617102137598
-3056.94630607449 -2999.620125313296
-3055.687749221325 -3002.948478525127
-3063.3083356834063 -3006.386951105537
-3059.4041118394 -3009.7460725572087
-3068.150282254472 -3013.1132784299293
-3074.8343800315893 -3016.6211256451083
-3074.0860000578386 -3019.9664857755142
-3075.711899576015 -3023.293614256629
-3076.508181122311 -3026.6478026470086
-3084.320436225801 -3029.9972846175688
-3091.1607827332514 -3033.474801033187
-3051.056897150171 -3049.7516540874767
-3107.975027361953 -3053.132525385153
-3106.4821442679918 -3056.4835800642004
-3105.671300313451 -3060.0250398608764
-3115.6717436031863 -3063.351999058445
-3123.061695893392 -3066.7629937897937
-3116.983317942657 -3070.2385228691196
-3128.764365398865 -3073.6091553997535
-3133.5163552536187 -3077.0281040875366
-3131.411769137667 -3080.3615665263455
-3133.8609280400524 -3083.7093745185452
-3138.337249075521 -3087.040311241503
-3103.8929113594572 -3104.0963351084656
-3119.9204671173043 -3119.973964858731
-3136.6219576148897 -3135.1927210229655
-3152.998535657209 -3150.724745025013
-3209.129051637891 -3154.0919535739686
-3210.294539567976 -3157.4211238878624
-3175.7214918040654 -3172.974768323159
-3192.246645512135 -3187.613234060116
-3205.8374649606744 -3203.241585279525
-3221.3081900438547 -3219.0260454902686
-3239.1029494322343 -3232.956127594542
-3251.392097279325 -3248.3778264171247
-3266.899972857678 -3263.7164016346746
-3281.432805898272 -3279.854824857705
-3298.1152944089417 -3295.0916829655007
-3312.9640836273525 -3311.0712014074034
-3327.6568341266197 -3328.3648868870205
-3342.2457769048915 -3345.775456500853
-3397.5423372158534 -3346.685788796147
-3397.196289580174 -3350.1450803054786
-3403.7568987214186 -3353.490606954935
-3369.66083069346 -3371.3201016559465
-3384.4482459898672 -3387.9474357016284
-3401.3247726194677 -3400.600124502487
-3415.430021714824 -3418.56931110396
-3474.127572599342 -3419.9802493457114
-3474.354406949944 -3423.3138225703024
-3441.714279430928 -3438.7699403712236
-3492.7008080267387 -3442.1097229332886
-3459.0416081103194 -3459.078754765347
-3474.887330426795 -3475.1402973087265
-3526.2110913603224 -3478.49318347584
-3528.6835760944173 -3481.970443967733
-3499.7966821071846 -3497.996777319483
-3514.1565024828546 -3515.669043527779
-3528.9218157007936 -3532.4677084069967
-3545.3491687575834 -3545.5029670610206
-3562.420860936869 -3560.3743436490613
-3578.1379863269913 -3576.464436181284
-3594.947166770636 -3591.581108832754
-3611.2688568758754 -3605.8482552468554
-3622.2187115177826 -3623.446069493612
-3639.4965428298838 -3637.999532992177
-3656.1216605330487 -3653.2912080165124
-3671.125694150728 -3669.3091640260086
-3686.1808514443705 -3686.202760130359
-3704.9726189646067 -3699.5824138261873
-3751.7555614222147 -3702.9674067563506
-3759.4169343513095 -3706.298533724775
-3762.8820693906714 -3709.630971115487
-3766.956064794979 -3712.973787326465
-3765.929500905358 -3716.3345300915707
-3770.8402590725764 -3719.666653209791
-3777.9564459005705 -3723.0307598613913
-3739.0484163277583 -3741.039516934554
-3755.6003194625287 -3755.509017882741
-3770.7217388944414 -3772.330770444743
-3823.782084014193 -3775.1485831749173
-3832.8822434601884 -3778.4993529936696
-3795.4896296841503 -3795.404686490685
-3810.539684446672 -3812.3038314354358
-3828.7296137154444 -3825.5181829584562
-3878.353852066007 -3828.882211131277
-3847.3061296356095 -3844.315579147993
-3864.61762683746 -3858.0550843262163
-3876.891738321754 -3873.0950073972735
-3890.8395149246785 -3889.2046552740253
-3905.8547094175137 -3906.1417731176266
-3922.5693917796248 -3921.3479780554935
-3937.2364590275597 -3938.6704857591067
-3989.291347811382 -3941.673738000371
-3999.3874579229555 -3945.0240831750352
-4000.024823837604 -3948.3523441026396
-4003.5881519732966 -3951.6796450338684
-4007.784601844151 -3955.008206370361
-3974.1732423019994 -3969.743983086052
-3988.3368483627714 -3985.014763770905
-4004.5393312762444 -3999.426213460399
-4049.9116672050286 -4002.8868674974206
-4021.3966865201814 -4018.237298912675
-4036.047580902505 -4034.279854470463
-4052.543702915989 -4049.695687162705
-4101.825704816085 -4053.082212642132
-4106.466431173673 -4056.432495886759
-4074.1561202732996 -4072.5635200675756
-4089.390809875208 -4089.2633762481323
-4104.374522888848 -4106.234881953432
-4119.9356657393655 -4121.8279959654465
-4172.875768971637 -4124.363211093266
-4178.256928077096 -4127.703607334207
-4182.796304323312 -4131.031426092882
-4184.712585871137 -4134.375612915213
-4186.280697305261 -4137.770466679048
-4189.126283608779 -4141.188045656256
-4158.714988338125 -4157.522184444535
-4176.052562601553 -4172.150126172273
-4188.982324581337 -4189.228628961942
-4206.88480702847 -4203.355440138333
-4256.647091819088 -4206.707815941851
-4265.316255048943 -4210.080852704432
-4229.357662516844 -4224.714845001265
-4244.027614708822 -4239.316275860436
-4257.658858117593 -4254.828692606583
-4271.452955378675 -4272.138527885844
-4286.307840204252 -4289.251707138322
-4303.295766654718 -4302.355560461852
-4316.399738176433 -4321.5601409617475
-4331.721784412627 -4334.104976656472
-4348.028990322088 -4348.420352279306
-4363.943332112563 -4364.412174259835
-4379.336932356086 -4380.942935364603
-4396.306755997018 -4395.401517550874
-4411.707177698316 -4411.925069544469
-4426.7428838203505 -4428.839830882647
-4444.564210125532 -4442.038991209878
-4459.742417302682 -4458.190725098572
-4514.481527476333 -4461.5242707073185
-4517.324208191352 -4464.851534211043
-4519.124163580064 -4468.186348919593
-4522.270394565405 -4471.523754031789
-4530.101325975224 -4474.895885003038
-4495.370708859867 -4488.491284001934
-4505.660104190342 -4505.20376343955
-4521.039588312953 -4521.749455732098
-4537.036397206486 -4537.6579953879
-4551.618357892096 -4555.076463875544
-4568.500307944132 -4567.765144673049
-4585.353150966308 -4582.840671186366
-4602.47837451661 -4597.151883783885
-4652.087685672598 -4600.48050870666
-4618.239682248483 -4616.575165805449
-4635.554135541346 -4631.224080030673
-4649.534451984087 -4646.767941799336
-4704.059199191457 -4650.110170037565
-4706.85555602765 -4653.444422059467
-4709.515986413349 -4656.772796591564
-4709.1925159725615 -4660.149423479444
-4717.042521706559 -4663.485552153298
-4722.031531254643 -4666.856765065408
-4722.769375628565 -4670.184400957938
-4722.629755147971 -4673.560196572904
-4725.555357540992 -4676.951647446451
-4694.764397027208 -4692.991692902893
-4711.671173717152 -4708.016586467696
-4725.807385406259 -4724.078978288284
-4741.815102005897 -4739.976543671162
-4757.601264203829 -4756.098916036733
-4773.561321053731 -4772.04450285149
-4790.193609359196 -4787.329313007065
-4804.6921348537535 -4803.835454612599
-4819.297900531724 -4821.227011769542
-4870.278860204093 -4823.75803073091
-4881.96198977027 -4827.119891652978
-4882.234040926234 -4830.447619591355
-4848.272175225789 -4846.475662517993
-4865.118173408787 -4861.557630147738
-4879.905067680664 -4877.065313913459
-4893.81028128497 -4894.240366996539
-4907.697425913992 -4912.469268080933
-4960.719496079873 -4912.124477398716
-4970.0192437593905 -4915.478814579617
-4974.105713614372 -4918.852397207817
-4939.905428377933 -4931.978638126849
-4989.983623154446 -4935.335555429379
-4992.15865758416 -4938.670768643727
-4957.114345960698 -4954.085106672594
-4971.492946826372 -4970.543837291456
-4986.500395625728 -4987.489407496819
-5002.577912103069 -5003.316973750081
-5019.987363856956 -5017.879953154545
-5036.54842255477 -5033.078669892635
-5053.065499370788 -5047.085897086697
-5065.534674319805 -5062.495206452237
-5081.870807979642 -5077.039957632818
-5094.341512490401 -5093.610905301937
-5112.726462473198 -5107.326250893135
-5125.874793310024 -5122.6394776678835
-5138.586650429406 -5140.731865596774
-5154.858505442321 -5155.319979020917
-5170.946970744066 -5171.136600645667
-5185.894465620362 -5188.147780713775
-5239.991867286437 -5190.321302957124
-5208.828575251723 -5205.674185181384
-5225.520301204578 -5219.802973294007
-5239.153268697269 -5234.370520096549
-5253.205346678083 -5249.412157409036
-5265.950928373264 -5266.8182965961705
-5282.231293494359 -5282.444635951284
-5337.789712162365 -5285.790747553758
-5346.6720176490735 -5289.253919309805
-5339.7957988759845 -5292.71151422512
-5347.705665487652 -5296.039810133231
-5349.435941787612 -5299.389830721785
-5318.729684637762 -5313.9667959881735
-5369.577372773325 -5317.293717481372
-5367.358098772691 -5320.778383687712
-5371.769483530479 -5324.212947794165
-5378.510542375737 -5327.547447314332
-5383.190952796072 -5330.874402649147
-5386.203406887993 -5334.201477492043
-5390.187805649147 -5337.529424958702
-5400.7533133087145 -5341.131901854475
-5391.8707592431565 -5344.579109309242
-5397.967142523089 -5347.929308284269
-5403.893947914539 -5351.257158512301
-5406.322352970256 -5354.585100525974
-5411.514750638611 -5357.921725957479
-5414.735608094438 -5361.256822097694
-5415.205064040799 -5364.596322633457
-5419.870270342966 -5367.923520463184
-5383.734706097767 -5386.178740542775
-5399.246578432006 -5401.239656896109
-5414.399226397363 -5417.133221741253
-5432.247485984445 -5429.671828073097
-5448.980564435502 -5444.276906646201
-5505.199208192724 -5447.742121533652
-5501.569758075185 -5451.083645191651
-5506.366959362133 -5454.410819943777
-5511.530048876405 -5457.750227154247
-5509.850987320754 -5461.137804013979
-5515.2701853183635 -5464.474509855436
-5517.730635948725 -5467.827713099387
-5485.715122303833 -5483.792048341589
-5503.662118030425 -5497.880272777156
-5514.771790691475 -5514.893523350529
-5530.795943450216 -5530.77457039504
-5548.330873629996 -5545.22499277411
-5601.818244558512 -5548.55753194993
-5603.615208872183 -5551.885508988483
-5570.438630376301 -5567.194343848984
-5585.607393615615 -5582.638245601328
-5600.874333166479 -5598.254933217669
-5616.013555435124 -5614.350153527692
-5631.393642234201 -5630.895207990243
-5679.206309553169 -5634.398633252441
-5692.37483435298 -5637.7548658353
-5690.145453676301 -5641.132446168898
-5698.1900760367735 -5644.470911812204
-5700.932966410627 -5647.802153886334
-5702.954391216874 -5651.129732053128
-5708.276724939469 -5654.469575485526
-5713.827943812519 -5657.867277110511
-5715.66405094011 -5661.219415529632
-5680.76232337557 -5675.614557485146
-5726.325223533687 -5679.063223850797
-5737.572630589339 -5682.433385418516
-5736.798029413062 -5685.767070437643
-5743.102185959449 -5689.110062882617
-5746.324715796144 -5692.451000136223
-5746.182163156414 -5695.794252359867
-5750.953840238687 -5699.121803311824
-5759.739759209876 -5702.572208178956
-5758.7102845684 -5705.900965618418
-5760.623636556647 -5709.231087271907
-5765.995937248111 -5712.565574561743
-5769.015893249916 -5715.896708754057
-5774.951039270671 -5719.283797976006
-5771.229804106403 -5722.677094567178
-5783.453269014516 -5726.135099114047
-5744.365571698863 -5741.757308914358
-5760.713927774546 -5756.685226002371
-5772.312629907464 -5775.1636641271425
-5786.266483047483 -5791.560176067239
-5839.230617166105 -5790.693876520821
-5843.959656374232 -5794.046853577025
-5810.797557282293 -5811.215535594332
-5827.8953933777575 -5826.062754332867
-5843.255019045753 -5842.629481136434
-5860.101916125876 -5857.710602692414
-5875.668865802737 -5873.603506327191
-5890.278914539918 -5890.856062399712
-5908.609642494873 -5904.616916695093
-5921.230287697428 -5921.938982211464
-5937.921243090039 -5937.167771156962
-5954.365180901443 -5952.634189790929
-5971.8969365882085 -5967.0874465387315
-5984.556294923798 -5983.482205336778
-5999.574176216691 -6000.416392534986
-6016.825239160092 -6015.1229973823865
-6034.960390696543 -6029.049531062172
-6047.258950515622 -6044.692467984138
-6064.877721730593 -6058.530437084476
-6113.7458284474105 -6061.857799235202
-6114.412265813975 -6065.230137401475
-6083.073980171436 -6081.238596783023
-6099.167239303705 -6097.050429430108
-6115.356236687017 -6112.598753926566
-6173.117864225341 -6116.044520746148
-6168.523840288788 -6119.419226082541
-6174.376973660426 -6122.74772319737
-6177.358771842543 -6126.078814232675
-6145.933780249507 -6140.1999190620145
-6157.739672502036 -6156.520728818106
-6175.278619073112 -6170.9675661127185
-6224.544798970644 -6174.313780078559
-6230.241855005654 -6177.641476884316
-6231.116873914798 -6180.989788404967
-6235.116537681102 -6184.326574469582
-6203.4627706253805 -6199.088755352169
-6217.085595106097 -6214.942938235637
-6232.00817844672 -6231.766950098068
-6247.237950736598 -6248.472074286217
-6261.263697379513 -6266.399841080815
-6276.864276594051 -6278.676116580772
-6332.580081507021 -6281.312144125225
-6337.502079510122 -6284.641230255642
-6339.185179983504 -6287.972965623136
-6343.002320304092 -6291.301079765827
-6350.1827189123605 -6294.682512357406
-6354.993929508116 -6298.118810003993
-6317.845053533102 -6312.352172828992
-6330.448233577621 -6328.107311431325
-6345.204311134445 -6344.897023194176
-6361.808158841751 -6360.209084027957
-6377.659710905078 -6376.2646882640365
-6392.467651980693 -6393.429875799486
-6408.814102967395 -6408.991355422028
-6425.271977092133 -6424.444244207702
-6441.771476186258 -6439.856810407774
-6458.0358152954095 -6455.498929718552
-6474.124611481814 -6470.738378232559
-6487.716760419309 -6487.656661988521
-6503.254949294601 -6504.035479215572
-6518.279094560357 -6520.962836504092
-6533.08636827773 -6536.543635230267
-6548.59753910747 -6550.592053506518
-6563.23027416083 -6567.057286009278
-6579.027045902285 -6580.440401635187
-6629.393792482199 -6583.505835125291
-6635.313965041897 -6586.904453102277
-6647.072496325737 -6590.334433312632
-6643.006559044669 -6593.703189437429
-6611.172551629606 -6610.097410826259
-6661.07155883557 -6613.494588139529
-6670.947782143361 -6616.839728617733
-6633.819657865209 -6633.756327266424
-6648.479934176292 -6651.0864664346645
-6664.223856656994 -6665.744237097852
-6679.919200023109 -6681.538162961468
-6730.546876189973 -6684.389558081091
-6737.109785520194 -6687.756893357369
-6747.728906776601 -6691.178527287649
-6743.610979355737 -6694.554740382326
-6748.6396802484505 -6697.892132336351
-6747.821118285711 -6701.384966263113
-6759.032880769465 -6704.733936532605
-6764.328900511157 -6708.140469325416
-6764.93090798448 -6711.475271470287
-6764.628928402749 -6714.830937216468
-6764.2745001280255 -6718.354861804174
-6736.6681766127185 -6733.895847311118
-6750.501703247688 -6751.226358025243
-6804.107209811916 -6754.553245894715
-6813.193373985952 -6757.927221625268
-6819.621278927531 -6761.433537243172
-6779.601642668543 -6777.117249337781
-6795.5604540954755 -6792.531947735163
-6850.003848274502 -6795.877440613865
-6852.954150425152 -6799.216194028418
-6816.512119329341 -6815.793112876788
-6830.3813454016545 -6834.043574730963
-6880.670389646893 -6834.862790398959
-6889.087709641004 -6838.1982254656095
-6894.552982257747 -6841.528531126325
-6898.3362108924775 -6844.863548970285
-6898.018542887797 -6848.219181860156
-6864.678222959063 -6865.7157711723685
-6880.528579459785 -6881.7725930067445
-6897.223840652931 -6896.851879200031
-6912.0079858669005 -6914.043508809932
-6927.382778410329 -6929.6572567657895
-6944.589566891494 -6943.22845563797
-6959.933997540076 -6959.8113006191925
-6973.771687207498 -6978.0997926908285
-6991.801483979608 -6988.887088782629
-7046.674086736444 -6992.239012773841
-7049.108958312942 -6995.574833427861
-7055.116347068752 -6998.979327492871
-7054.350586031892 -7002.30632862951
-7057.769501783307 -7005.633231348404
-7023.761954558612 -7021.355936944566
-7038.262003874942 -7038.353233082494
-7052.815557557441 -7055.803887278441
-7068.272525817072 -7070.378117327571
-7086.577992959254 -7083.153256451941
-7103.015681588358 -7097.2678894748615
-7114.82688443746 -7113.56870543931
-7131.567918769761 -7128.749876811602
-7147.459994288508 -7143.909077034377
-7198.400586096402 -7147.241348258591
-7164.494485784316 -7163.863742221607
-7180.815901706756 -7179.449752454651
-7196.557335688838 -7195.617999756997
-7211.281981022111 -7212.875979846527
-7228.026851049668 -7227.558125179801
-7244.705491391178 -7242.798652460233
-7260.5703267885465 -7258.840736437377
-7276.286313882385 -7275.035157381027
-7292.2875687168 -7290.939222803813
-7342.223688485485 -7294.334962099782
-7349.931797328542 -7297.661872668149
-7315.0271087515275 -7314.16546726782
-7367.552875110388 -7317.497948540115
-7336.23032456742 -7332.636081967416
-7350.498633197853 -7348.625574432766
-7365.5421236249695 -7365.531861368166
-7382.422485254946 -7380.581526914322
-7401.7059372180065 -7393.568587247044
-7411.465387648892 -7409.523431325058
-7427.238465278844 -7425.659206514308
-7442.765196785481 -7442.04999832766
-7499.7840964951765 -7445.4341215471395
-7501.469421346796 -7448.762305633847
-7499.242837837414 -7452.223228261203
-7469.613032287751 -7468.70093255435
-7485.976697016496 -7484.2455734769765
-7501.359365107016 -7500.787896442189
-7518.993931203275 -7515.149704285764
-7532.569969254263 -7531.5953805634235
-7548.91155838444 -7547.161620271983
-7565.101256671327 -7562.877499778955
-7581.44827686319 -7578.169414949053
-7593.5512283299795 -7596.951966272965
-7609.609331950097 -7610.4968358758015
-7625.67615256738 -7626.335103151183
-7641.28876567816 -7642.636408884961
-7655.882239836174 -7659.7928237342985
-7671.037419996405 -7673.7661526452375
-7685.641846316401 -7689.529102120039
-7700.304674378234 -7704.067729669167
-7749.85047639062 -7704.81492547997
-7724.659656905953 -7718.944916117959
-7737.7076816940935 -7734.054345998754
-7783.49822727742 -7737.578249262647
-7755.4929164938985 -7753.5150560988895
-7807.391360751799 -7756.855744959519
-7809.7602394494115 -7760.217870390494
-7821.7909044434455 -7763.717407421563
-7782.006748738533 -7779.281843435128
-7797.434041078377 -7794.981291582767
-7811.803086088503 -7812.071272449005
-7865.538089723047 -7815.398279337604
-7869.547739849533 -7818.734743924267
-7870.494871505025 -7822.135264613641
-7874.742063814548 -7825.505990849863
-7884.604046208921 -7828.894555073592
-7881.387271665367 -7832.268833855238
-7882.727182884141 -7835.730970643739
-7888.179117788346 -7839.106676126955
-7857.064898854299 -7854.999620358344
-7870.80451742141 -7873.262418064507
-7920.384834327604 -7875.313293229155
-7923.219449891453 -7878.954806600323
-7897.638594184581 -7894.1389742146985
-7910.552749195876 -7911.687192182112
-7924.985344050796 -7929.239946593606
-7941.036071112006 -7941.938342210818
-7956.74498398308 -7958.140049024412
-7969.698028228506 -7977.244412298793
-7985.921761649141 -7986.478832127863
-8000.334263619305 -8004.090468866271
-8015.863188696401 -8017.821374257711
-8068.022415771782 -8020.29889796623
-8077.9954997113 -8023.648881571517
-8041.481195028114 -8039.669043790742
-8058.94030527635 -8054.187349808463
-8108.6784976644185 -8057.519624821946
-8114.132371748914 -8060.852370985152
-8077.52650800123 -8078.106347689476
-8095.17641871437 -8092.454567645787
-8108.485649480932 -8110.447453893043
-8124.903777218534 -8125.075777018694
-8140.62482631702 -8141.264987080594
-8157.093254393711 -8156.707639616053
-8172.209034318241 -8173.535491254968
-8223.938568262312 -8176.651941943613
-8232.902700330336 -8179.981447172397
-8238.553583105375 -8183.353419527459
-8201.062132951152 -8199.49972893628
-8216.981691353318 -8215.486266353268
-8232.477238607597 -8231.90970712477
-8248.688985206756 -8247.603752854962
-8266.8820306116 -8261.480991168213
-8279.404649189464 -8277.408731251642
-8295.465012893157 -8293.203483821855
-8309.1836512917 -8311.256657962156
-8327.781006439316 -8323.821084743373
-8341.968885215229 -8339.524886109248
-8358.575353947885 -8354.36590173234
-8373.061382948748 -8369.538974499916
-8386.08214412529 -8386.940141550436
-8402.67999435114 -8402.257956698331
-8420.991138288387 -8416.03529295743
-8433.871113798325 -8432.051893852598
-8486.788789400236 -8435.38097397649
-8488.33253881777 -8438.741827679896
-8497.737592566393 -8442.126968308645
-8493.561530620334 -8445.541079638857
-8499.578009553657 -8448.879189866793
-8505.842750110281 -8452.216287613797
-8504.7435696747 -8455.589474952221
-8513.290562717522 -8458.939553045253
-8477.54603673753 -8474.197321520947
-8491.362845478743 -8490.913335486926
-8505.384946956281 -8508.980943418313
-8522.34250544658 -8521.460972042069
-8539.221699725764 -8536.511733499161
-8553.917083493334 -8552.97308204823
-8610.443760086922 -8556.34219753876
-8612.42407912147 -8559.670628617027
-8611.781339008568 -8563.057846843234
-8617.12640208927 -8566.395481217882
-8583.067531993815 -8583.651789742287
-8599.088391782507 -8599.536144477515
-8613.646401070053 -8616.981745202289
-8629.918577739762 -8630.379412934923
-8645.402277431254 -8646.815279631017
-8663.246480695117 -8660.678416170278
-8679.946059629641 -8675.32072286014
-8694.01605404719 -8690.493937910578
-8707.739693846024 -8707.124193346772
-8725.419244358754 -8721.44621144765
-8737.936214721436 -8738.907602048948
-8753.04268672899 -8755.745526393857
-8770.286403920341 -8768.85460725679
-8831.587509655601 -8772.458684675199
-8827.553046268375 -8775.786496219804
-8831.429048366517 -8779.113450422929
-8839.970995707024 -8782.575447412148
-8835.503702809778 -8785.936927880766
-8841.393989422912 -8789.263834514326
-8843.088441183629 -8792.605410967726
-8847.194922061431 -8795.936703773641
-8850.999648526758 -8799.264656208805
-8853.582762133305 -8802.598901612328
-8855.55483952669 -8805.959638383954
-8865.82198089484 -8809.376750301377
-8863.314255859754 -8812.7164247404
-8866.059960952412 -8816.067616361019
-8870.11422400317 -8819.40557986144
-8869.598257386982 -8822.882707807192
-8879.622864896308 -8826.216897248105
-8843.821772063899 -8842.470166000065
-8861.585302284895 -8856.718263193372
-8875.554147090948 -8871.758908640239
-8889.758552158071 -8887.610281948757
-8904.918257596948 -8904.174422573571
-8959.895663252439 -8907.510961000353
-8960.320993762916 -8910.875711062685
-8975.204810835712 -8914.559450217377
-8971.236319511556 -8917.892903137408
-8971.198646016594 -8921.24495448183
-8979.027922884072 -8924.596790347538
-8982.66372843578 -8927.955207535502
-8978.795753068607 -8931.397229325858
-8987.669164592326 -8934.72688897299
-8987.75561014569 -8938.085709957692
-8992.149267295454 -8941.423418837978
-8997.061775519707 -8944.750368168363
-9002.354177331375 -8948.098439690386
-8963.990099629875 -8966.257062288745
-8981.905307149791 -8979.204479086337
-8995.794548424472 -8996.55274792399
-9011.399886639556 -9012.861609574356
-9027.375485668816 -9028.428405414556
-9043.591801784432 -9044.117930882408
-9060.842330590462 -9058.825023031486
-9115.007439572288 -9062.154059871076
-9120.348688366132 -9065.515680773453
-9124.691946790721 -9068.906926312444
-9120.610697592887 -9072.309713920236
-9124.73744281335 -9075.68608030281
-9092.984950712365 -9092.259874976417
-9109.311539192171 -9107.84081289077
-9161.191400756392 -9111.182369031885
-9129.724616294416 -9126.501636370711
-9144.814060628325 -9142.043492205794
-9158.540416601787 -9159.49702744975
-9175.040027572062 -9174.909485452112
-9190.595863270086 -9191.269881174683
-9208.055174170906 -9205.788007025474
-9258.937432872417 -9209.14377687697
-9226.937392504995 -9225.203299014027
-9244.15925566998 -9239.936572563664
-9257.509727234408 -9256.222695259707
-9272.821231861051 -9272.84053610029
-9289.978421722606 -9287.633090220454
-9305.601317294791 -9303.515981197486
-9321.813953120445 -9319.071969756928
-9336.607845013563 -9335.396813121466
-9353.007902484753 -9350.905929583894
-9368.900158187364 -9366.762729597074
-9424.209749235128 -9370.107754485967
-9424.845172626481 -9373.437757623644
-9432.18234575644 -9376.814893483705
-9433.939063178692 -9380.154377784782
-9434.037416525382 -9383.49495309897
-9401.494223632017 -9399.346700128941
-9417.291439998164 -9415.253205900493
-9433.372178220125 -9430.985585046565
-9448.871794982748 -9446.95113283923
-9465.817408670986 -9461.93969717916
-9516.175474780463 -9465.27498897827
-9522.142215037527 -9468.610773790731
-9529.310133955214 -9472.065061760433
-9531.157512281792 -9475.453435948482
-9535.642688043936 -9478.884339356096
-9535.36624956413 -9482.215767001882
-9541.955301815036 -9485.627941259721
-9503.453136276643 -9501.655334489502
-9521.186110095216 -9515.930273912416
-9530.799960341743 -9535.369466838418
-9546.35554141971 -9548.25923396167
-9562.351579324848 -9563.363469421278
-9578.163281787973 -9579.45972116934
-9593.861735940733 -9595.474380186775
-9609.023201990307 -9611.738873076945
-9624.660318541988 -9626.397702980454
-9641.69021056975 -9640.669033500515
-9656.277749253004 -9658.081191194466
-9674.544190482698 -9671.191409635474
-9689.011836996606 -9687.223648238405
-9704.707257458593 -9703.439262741596
-9719.32657033777 -9720.815529347328
-9735.174055882435 -9736.484928812215
-9750.765878648548 -9752.595579268811
-9767.517997662182 -9767.035147571298
-9783.38532995179 -9783.074691739006
-9838.380870386978 -9786.411480281937
-9844.487014167995 -9789.770108390545
-9843.305934035285 -9793.11716193925
-9852.0406912483 -9796.499941871529
-9814.966098968662 -9811.89245868043
-9865.929065381952 -9815.230573825627
-9866.610993673501 -9818.647061803202
-9875.994530668524 -9821.990272791783
-9876.613449719827 -9825.321252304459
-9884.503554397168 -9828.712707068702
-9846.210690818769 -9845.077027811823
-9862.792314565475 -9860.410425112816
-9878.257675335495 -9876.415427838461
-9893.285599687788 -9893.33866634069
-9907.576529124273 -9911.090635337572
-9924.899244309729 -9923.31655720861
-9942.399174242062 -9937.798267625865
-9955.695109791319 -9953.753069511718
-9971.828653374972 -9969.524730892386
-9987.707196220112 -9985.194255194467
-10003.706252900596 -10000.542590372514
-10017.55715920916 -10017.421515555987
-10068.549226998513 -10020.782733880978
-10077.43422143826 -10024.115902288042
-10080.371328352863 -10027.44544117582
-10080.924530491677 -10030.793674717837
-10081.792272179613 -10034.227874274571
-10087.156946324425 -10037.589332684847
-10091.644747976301 -10040.927163500859
-10097.248377446009 -10044.257199452848
-10099.943847681327 -10047.584215475892
-10098.907088287513 -10051.003266139865
-10068.71214835449 -10067.149402417743
-10083.933873120646 -10083.863152705386
-10100.867318075367 -10098.863088261829
-10118.010706784764 -10113.614804439227
-10132.50629610134 -10128.603398831503
-10184.489397714831 -10131.930935436741
-10183.147057755563 -10135.354840004286
-10187.951574469249 -10138.725873921432
-10154.861381390581 -10156.595949229368
-10206.888063131191 -10159.299104286569
-10216.484584637696 -10162.639564578181
-10218.24832809406 -10165.966484521909
-10182.488048479947 -10183.392092067206
-10198.664679639725 -10199.12092965994
-10215.300720431824 -10214.40214886043
-10272.84552853014 -10217.804729041192
-10274.614364160432 -10221.13977152878
