0.25 0.75
0.24999999999999997 0.75
0.24999999999999994 0.75
0.25 0.75
0.25 0.7499999999999999
0.8603976043617823 0.13960239563821772
0.8749999999999993 0.1250000000000006
0.8749999957270349 0.12500000427296518
0.25009522503900034 0.7499047749609997
0.25009366400671423 0.7499063359932857
0.8749999999999676 0.1250000000000324
0.25000128027653223 0.7499987197234678
0.8749959889780481 0.12500401102195197
0.8749999999999136 0.1250000000000864
0.875 0.12500000000000003
0.24999999999999997 0.75
0.24999999999999997 0.75
0.24999999999999997 0.75
0.24999999999999997 0.75
0.8724527111455924 0.1275472888544076
0.25 0.75
0.874999998601989 0.12500000139801107
0.24999999999999997 0.75
0.8749999999995256 0.12500000000047448
0.2500000000071527 0.7499999999928473
0.25000000000071515 0.7499999999992849
0.24999999999999994 0.7500000000000001
0.874999999997166 0.1250000000028339
0.25000000000450767 0.7499999999954924
0.2500000000067684 0.7499999999932316
0.6277142479536612 0.37228575204633896
0.24999999999999997 0.75
0.25 0.7500000000000001
0.875 0.125
0.25000013723466386 0.7499998627653363
0.25099852344726803 0.7490014765527321
0.8749999999678106 0.1250000000321894
0.25 0.75
0.8749999999999998 0.12500000000000017
0.25 0.7500000000000001
0.24999999999999997 0.7500000000000001
0.24999999999999997 0.75
0.25 0.75
0.2500000000000026 0.7499999999999974
0.25 0.7500000000000001
0.25 0.75
0.25 0.7500000000000001
0.24999999999999997 0.75
0.24999999999999997 0.7500000000000001
0.24999999999999997 0.75
0.24999999999999994 0.75
0.8749932432518263 0.1250067567481738
0.25 0.75
0.8749996996179394 0.12500030038206056
0.8749880019656302 0.12501199803436988
0.2500795927979742 0.7499204072020258
0.25 0.7499999999999999
0.8749999850360181 0.12500001496398194
0.3480642461148381 0.6519357538851619
0.25 0.75
0.2500000000000002 0.7499999999999998
0.2500000018686055 0.7499999981313945
0.8749999999999925 0.1250000000000076
0.25 0.75
0.318554372201213 0.681445627798787
0.875 0.12500000000000003
0.2500000011471815 0.7499999988528185
0.25000024163519907 0.749999758364801
0.874999999999784 0.12500000000021597
0.8749843430033376 0.12501565699666237
0.24999999999999997 0.75
0.25 0.75
0.25 0.7500000000000001
0.24999999999999997 0.7500000000000001
0.24999999999999997 0.75
0.24999999999999994 0.75
0.24999999999999997 0.75
0.25 0.7500000000000001
0.25 0.75
0.25 0.75
0.28436864030965076 0.7156313596903493
0.250000256050678 0.7499997439493221
0.874999880042861 0.1250001199571389
0.874149289523508 0.12585071047649188
0.25000000040791565 0.7499999995920844
0.24999999999999997 0.75
0.25 0.75
0.24999999999999997 0.7500000000000001
0.24999999999999994 0.75
0.24999999999999997 0.75
0.24999999999999997 0.75
0.25 0.75
0.25 0.7500000000000001
0.25 0.75
0.24999999999999997 0.7500000000000001
0.2500064505368892 0.7499935494631108
0.37271331677832087 0.6272866832216791
0.875 0.12500000000000003
0.24999999999999997 0.7500000000000001
0.25 0.75
0.24999999999999997 0.75
0.24999999999999997 0.75
0.25 0.75
0.25 0.7500000000000001
0.25 0.75
0.24999999999999997 0.7500000000000001
0.24999999999999997 0.75
0.24999999999999994 0.75
0.24999999999999997 0.75
0.8749999999999997 0.12500000000000042
0.25 0.75
0.24999999999999997 0.75
0.25 0.7499999999999999
0.8749999996451459 0.12500000035485404
0.8749999999999994 0.12500000000000058
0.8749999919705266 0.12500000802947348
0.25089961698301716 0.7491003830169829
0.25 0.75
0.2500000000000008 0.7499999999999992
0.25 0.75
0.24999999999999997 0.75
0.24999999999999994 0.75
0.24999999999999997 0.75
0.2500476855569899 0.74995231444301
0.8749999999431222 0.12500000005687778
0.3188389890609302 0.6811610109390698
0.2500000000000094 0.7499999999999906
0.8749999761988967 0.1250000238011034
0.875 0.12500000000000003
0.8749999952373192 0.12500000476268075
0.2507156749059164 0.7492843250940836
0.8749998795873478 0.12500012041265218
0.24999999999999997 0.75
0.24999999999999994 0.75
0.25 0.7499999999999999
0.8748768654179613 0.12512313458203875
0.8749999893458852 0.12500001065411478
0.2500024966143794 0.7499975033856205
0.25 0.7500000000000001
0.25 0.7500000000000001
0.25 0.7500000000000001
0.2500014069664862 0.7499985930335138
0.2500000003981322 0.7499999996018679
0.25102990502156103 0.7489700949784389
0.8575937534278941 0.142406246572106
0.8749999999953757 0.12500000000462425
0.8749999999727327 0.12500000002726724
0.875 0.12500000000000006
0.25 0.75
0.25013132928295884 0.7498686707170411
0.24999999999999994 0.75
0.24999999999999994 0.75
0.24999999999999997 0.75
0.24999999999999997 0.75
0.24999999999999997 0.75
0.25 0.75
0.25 0.7500000000000001
0.25 0.7500000000000001
0.25 0.75
0.25 0.7500000000000001
0.24999999999999994 0.75
0.25000000000000006 0.75
0.8749999999999971 0.1250000000000029
0.8749996631183359 0.12500033688166418
0.250000000499428 0.7499999995005721
0.8250130005576908 0.17498699944230917
0.8749995844263061 0.12500041557369387
0.8749999999999999 0.12500000000000008
0.2500000000000843 0.7499999999999157
0.875 0.1250000000000001
0.8749999998115008 0.12500000018849924
0.25224424016220703 0.7477557598377929
0.24999999999999997 0.75
0.24999999999999997 0.7500000000000001
0.24999999999999994 0.75
0.24999999999999997 0.75
0.25 0.7500000000000001
0.24999999999999994 0.7500000000000001
0.24999999999999994 0.75
0.24999999999999994 0.75
0.24999999999999997 0.75
0.24999999999999994 0.75
0.8743236974805967 0.12567630251940334
0.260192325733214 0.739807674266786
0.2506989230453041 0.7493010769546959
0.8749999999970659 0.12500000000293413
0.25000000000015177 0.7499999999998482
0.24999999999999997 0.75
0.25 0.7500000000000001
0.24999999999999997 0.7500000000000001
0.8749999999501656 0.12500000004983436
0.2500000000000054 0.7499999999999946
0.5667840510915707 0.4332159489084293
0.8480747772617064 0.15192522273829348
0.875 0.12500000000000003
0.8749999994550426 0.12500000054495752
0.25000000000000805 0.749999999999992
0.8269228310405069 0.17307716895949316
0.8749999999999999 0.12500000000000014
0.8749999999999527 0.12500000000004732
0.24999999999999997 0.75
0.24999999999999994 0.75
0.24999999999999994 0.75
0.8749999899338902 0.1250000100661098
0.25 0.75
0.24999999999999997 0.7500000000000001
0.24999999999999994 0.75
0.25 0.7500000000000001
0.24999999999999992 0.75
0.24999999999999994 0.75
0.25 0.75
0.25 0.7500000000000001
0.24999999999999997 0.7500000000000001
0.24999999999999994 0.75
0.24999999999999997 0.75
0.25 0.75
0.25000194015481286 0.7499980598451872
0.8749922718188038 0.12500772818119624
0.5745652437491429 0.4254347562508571
0.2507786475866984 0.7492213524133016
0.874999999991017 0.12500000000898312
0.2500000721468761 0.749999927853124
0.8749999796022514 0.12500002039774855
0.24999999999999997 0.75
0.25 0.75
0.25 0.7500000000000001
0.24999999999999997 0.7500000000000001
0.24999999999999994 0.75
0.25 0.75
0.24999999999999997 0.7500000000000001
0.24999999999999997 0.75
0.24999999999999997 0.75
0.24999999999999997 0.75
0.25 0.75
0.25 0.75
0.8488700124999857 0.15112998750001425
0.8749991526891673 0.12500084731083266
0.24999999999999997 0.75
0.25 0.7500000000000001
0.25 0.7500000000000001
0.25 0.7499999999999999
0.3943913443664652 0.6056086556335348
0.25000000000005296 0.749999999999947
0.250000000000001 0.749999999999999
0.2500002577670033 0.7499997422329967
0.874999999998997 0.12500000000100295
0.8749999769727077 0.12500002302729227
0.25000000000347916 0.7499999999965208
0.8749999999999979 0.1250000000000021
0.257026994101489 0.742973005898511
0.8728237708170754 0.12717622918292462
0.8666736564836904 0.13332634351630954
0.3057693544515961 0.6942306455484039
0.8749772148012919 0.1250227851987082
0.874999999994748 0.12500000000525197
0.875 0.12500000000000003
0.8749999999879777 0.1250000000120223
0.8746156952772992 0.12538430472270068
0.8749996522275625 0.12500034777243751
0.84629170517285 0.15370829482715004
0.24999999999999997 0.75
0.2500048227563773 0.7499951772436226
0.8749999983454055 0.12500000165459454
0.25 0.75
0.32873360529669776 0.6712663947033022
0.874999999999999 0.125000000000001
0.8749999772821198 0.12500002271788016
0.24999999999999997 0.7500000000000001
0.25 0.75
0.3022958465047906 0.6977041534952094
0.2500000095991834 0.7499999904008166
0.25027345233971554 0.7497265476602846
0.2500000003340536 0.7499999996659462
0.8749999955550536 0.1250000044449464
0.8749952127297775 0.12500478727022252
0.8245555429197831 0.17544445708021705
0.25000000000000017 0.7499999999999998
0.25000006794491647 0.7499999320550835
0.2500000126102331 0.749999987389767
0.718806989921804 0.2811930100781959
0.26094299598146126 0.7390570040185388
0.2515416634686454 0.7484583365313545
0.8749999999999997 0.1250000000000003
0.25000006478455455 0.7499999352154455
0.25 0.75
0.2500000031065031 0.749999996893497
0.25000000000000033 0.7499999999999997
0.25000000240605996 0.7499999975939401
0.2738172140572441 0.726182785942756
0.25 0.75
0.25 0.7500000000000001
0.24999999999999994 0.75
0.25000000000000006 0.75
0.266023870875996 0.733976129124004
0.8749999999999997 0.1250000000000003
0.25 0.75
0.25 0.7500000000000001
0.25000000000000927 0.7499999999999907
0.24999999999999997 0.75
0.25 0.75
0.24999999999999997 0.7500000000000001
0.24999999999999994 0.75
0.24999999999999994 0.75
0.24999999999999994 0.7500000000000001
0.24999999999999994 0.75
0.24999999999999997 0.75
0.24999999999999997 0.75
0.25 0.75
0.25 0.7500000000000001
0.25 0.7500000000000001
0.8746241584474773 0.12537584155252265
0.25 0.75
0.25 0.75
0.25 0.7500000000000001
0.24999999999999997 0.7500000000000001
0.25 0.75
0.24999999999999997 0.7500000000000001
0.24999999999999994 0.75
0.24999999999999997 0.75
0.24999999999999997 0.75
0.24999999999999997 0.75
0.25 0.75
0.8749999999630196 0.1250000000369804
0.4874055266976965 0.5125944733023036
0.25000062449740507 0.749999375502595
0.25036813297784316 0.7496318670221569
0.25 0.75
0.25 0.75
0.2505699383396267 0.7494300616603733
0.250000000003717 0.7499999999962829
0.2533642804102222 0.7466357195897777
0.3042535241459708 0.6957464758540292
0.25 0.75
0.25003931761544296 0.749960682384557
0.250144191849144 0.7498558081508561
0.869301863176499 0.13069813682350093
0.25001792490524916 0.7499820750947509
0.8686799977903813 0.1313200022096188
0.8749999999999452 0.12500000000005496
0.8749999999998731 0.12500000000012693
0.24999999999999997 0.7500000000000001
0.25 0.75
0.25 0.75
0.875 0.125
0.8749999999914478 0.1250000000085521
0.25000043452208837 0.7499995654779116
0.875 0.125
0.25 0.7500000000000001
0.25 0.7500000000000001
0.2500790561382166 0.7499209438617834
0.25 0.75
0.8749999999672072 0.12500000003279277
0.8497398798714946 0.15026012012850534
0.24999999999999997 0.75
0.25 0.75
0.8724904952516692 0.12750950474833075
0.8749999999999999 0.12500000000000008
0.8749999999946427 0.12500000000535713
0.2501351273655637 0.7498648726344364
0.250000008814086 0.749999991185914
0.8603939298233007 0.13960607017669938
0.25000007649696365 0.7499999235030363
0.2500000000000292 0.7499999999999707
0.8749999999999962 0.12500000000000377
0.2500000000091537 0.7499999999908463
0.2500567000409013 0.7499432999590988
0.8720387459687082 0.12796125403129172
0.874999997637295 0.12500000236270517
0.24999999999999994 0.75
0.25 0.75
0.25 0.7500000000000001
0.24999999999999997 0.75
0.25 0.75
0.25 0.75
0.25 0.7500000000000001
0.25 0.7500000000000001
0.8750000000000001 0.125
0.25024458577566955 0.7497554142243305
0.8749999905985493 0.12500000940145067
0.25 0.7500000000000001
0.25 0.7499999999999999
0.8749999999101843 0.1250000000898156
0.8749999978760161 0.12500000212398385
0.24999999999999997 0.75
0.24999999999999994 0.75
0.2500498037727867 0.7499501962272133
0.25 0.75
0.250000328399812 0.7499996716001879
0.8745166992889732 0.12548330071102673
0.8749999989747793 0.12500000102522066
0.25001011789685146 0.7499898821031487
0.8749999999993313 0.1250000000006687
0.25 0.7500000000000001
0.24999999999999997 0.75
0.24999999999999997 0.75
0.24999999999999997 0.75
0.24999999999999997 0.75
0.2500000000281234 0.7499999999718765
0.2500018090945873 0.7499981909054128
0.2500000000000301 0.7499999999999699
0.25 0.75
0.2501437431180107 0.7498562568819893
0.8388702763951189 0.16112972360488115
0.25003486992845386 0.7499651300715461
0.25 0.75
0.25 0.75
0.8746831871612164 0.12531681283878354
0.8749999952979101 0.12500000470209002
0.8749999999747141 0.12500000002528586
0.8749186199259942 0.1250813800740058
0.25 0.7500000000000001
0.24999999999999997 0.75
0.24999999999999994 0.75
0.25 0.75
0.25 0.7500000000000001
0.25 0.75
0.874877858276097 0.1251221417239029
0.25000000006145356 0.7499999999385465
0.8749999999312961 0.12500000006870388
0.25000000000000006 0.75
0.25 0.75
0.25 0.75
0.25000000000332345 0.7499999999966764
0.2500000000017214 0.7499999999982786
0.25515775141440955 0.7448422485855903
0.8749999999999596 0.1250000000000405
0.8749999999645187 0.12500000003548134
0.25000005033328737 0.7499999496667126
0.875 0.12500000000000003
0.8749994795508712 0.1250005204491288
0.2778985546163502 0.7221014453836498
0.8700399457706354 0.12996005422936463
0.8749973756667849 0.1250026243332151
0.2500000714032049 0.7499999285967952
0.8749998562077218 0.12500014379227817
0.8749999984259639 0.12500000157403623
0.25000000000000633 0.7499999999999937
0.8706094450315603 0.1293905549684396
0.24999999999999997 0.75
0.24999999999999997 0.75
0.25 0.75
0.24999999999999994 0.75
0.24999999999999994 0.75
0.25 0.75
0.8749999963160706 0.12500000368392944
0.8749998843866912 0.12500011561330868
0.8498276681768707 0.1501723318231293
0.8749999999998906 0.12500000000010938
0.2500000186262829 0.7499999813737172
0.25000003275854854 0.7499999672414515
0.25000000000000355 0.7499999999999964
0.25 0.75
0.8616285582366734 0.13837144176332664
0.25000000000455935 0.7499999999954406
0.25046769896852655 0.7495323010314734
0.24999999999999997 0.75
0.24999999999999997 0.75
0.24999999999999997 0.7500000000000001
0.25 0.75
0.24999999999999997 0.7500000000000001
0.24999999999999994 0.75
0.24999999999999997 0.75
0.25 0.75
0.25 0.7500000000000001
0.8371314722916233 0.16286852770837665
0.25000023829687623 0.7499997617031238
0.8734051298505282 0.12659487014947185
0.8436571432902382 0.15634285670976172
0.8738181933967388 0.12618180660326123
0.6897677702237286 0.31023222977627135
0.25005061418750163 0.7499493858124984
0.8749997981805507 0.12500020181944926
0.8749999999998184 0.1250000000001816
0.25 0.7500000000000001
0.25 0.7500000000000001
0.25 0.75
0.827721728616315 0.17227827138368512
0.250000038354858 0.7499999616451419
0.25468972031439946 0.7453102796856005
0.8749999999994792 0.12500000000052072
0.875 0.12500000000000003
0.24999999999999997 0.75
0.25 0.75
0.25 0.7500000000000001
0.24999999999999997 0.75
0.24999999999999997 0.7500000000000001
0.25 0.75
0.25070957361626034 0.7492904263837397
0.8749994913979247 0.12500050860207532
0.8749999994941505 0.12500000050584947
0.36491024502878633 0.6350897549712137
0.25000000000074485 0.7499999999992553
0.2500004131882506 0.7499995868117494
0.25 0.75
0.25003053726584745 0.7499694627341525
0.2500000000106461 0.7499999999893538
0.8749987986949415 0.12500120130505865
0.24999999999999997 0.75
0.2500904589880043 0.7499095410119956
0.875 0.12500000000000003
0.27465318426034846 0.7253468157396515
0.7448072812722315 0.2551927187277685
0.8749999997515855 0.12500000024841448
0.25 0.7500000000000001
0.2500096770695061 0.749990322930494
0.25000000000000006 0.7499999999999999
0.2500000000008201 0.7499999999991799
0.2500003417432707 0.7499996582567293
0.8749999999998639 0.1250000000001362
0.2524660247268863 0.7475339752731137
0.25 0.7500000000000001
0.25 0.7500000000000001
0.24999999999999997 0.75
0.24999999999999997 0.75
0.25 0.75
0.25000000000100026 0.7499999999989997
0.25 0.75
0.25 0.7500000000000001
0.25 0.7500000000000001
0.25 0.75
0.25 0.7500000000000001
0.25 0.75
0.24999999999999997 0.7500000000000001
0.24999999999999994 0.75
0.25 0.75
0.25 0.7500000000000001
0.24999999999999997 0.75
0.25 0.75
0.24999999999999997 0.75
0.25 0.75
0.24999999999999997 0.75
0.25 0.75
0.875 0.12500000000000003
0.874998584824218 0.12500141517578195
0.8749999820001263 0.1250000179998737
0.25000000000000017 0.7499999999999998
0.2500000000018087 0.7499999999981914
0.25 0.75
0.25 0.7500000000000001
0.24999999999999997 0.75
0.25 0.7500000000000001
0.24999999999999997 0.7500000000000001
0.24999999999999994 0.75
0.24999999999999994 0.75
0.7344475841351916 0.2655524158648083
0.2500000000000006 0.7499999999999993
0.8749999999196165 0.1250000000803835
0.4975253734474657 0.5024746265525344
0.2500000000000689 0.7499999999999312
0.24999999999999997 0.75
0.25 0.7499999999999999
0.2500039401015639 0.7499960598984361
0.250075527479987 0.749924472520013
0.28983407487466456 0.7101659251253356
0.8743572059623653 0.12564279403763465
0.8749980127331981 0.12500198726680198
0.25 0.7500000000000001
0.25 0.7500000000000001
0.25 0.7500000000000001
0.24999999999999997 0.75
0.25 0.75
0.25 0.7500000000000001
0.25 0.75
0.25 0.7500000000000001
0.25 0.7500000000000001
0.25000000000002126 0.7499999999999787
0.24999999999999994 0.75
0.24999999999999994 0.75
0.25 0.75
0.24999999999999997 0.7500000000000001
0.25 0.75
0.24999999999999997 0.75
0.24999999999999997 0.7500000000000001
0.24999999999999994 0.75
0.24999999999999997 0.75
0.24999999999999997 0.75
0.24999999999999997 0.75
0.25 0.7500000000000001
0.24999999999999997 0.75
0.24999999999999994 0.75
0.24999999999999997 0.75
0.2522697148353421 0.7477302851646579
0.2500000324251789 0.7499999675748211
0.875 0.12500000000000003
0.875 0.12500000000000003
0.24999999999999997 0.75
0.25 0.75
0.8749999999876572 0.1250000000123427
0.25000000605367806 0.749999993946322
0.874998696016922 0.12500130398307802
0.25000058390997404 0.749999416090026
0.841116855957195 0.15888314404280499
0.8749999999974872 0.12500000000251274
0.25 0.7500000000000001
0.8749999999993257 0.1250000000006743
0.250000766000639 0.749999233999361
0.2500974389595353 0.7499025610404647
0.2500000000015366 0.7499999999984633
0.8749982251619934 0.12500177483800645
0.8749999989154813 0.1250000010845187
0.250000000015264 0.749999999984736
0.25 0.75
0.2534403559367272 0.7465596440632728
0.25 0.7500000000000001
0.25 0.75
0.25 0.7499999999999999
0.8294311795947714 0.1705688204052285
0.33846916451457204 0.661530835485428
0.25051184835927914 0.7494881516407208
0.24999999999999994 0.75
0.25 0.75
0.24999999999999997 0.7500000000000001
0.24999999999999997 0.75
0.2500000000000013 0.7499999999999988
0.8748413783884144 0.12515862161158572
0.2500000000000638 0.7499999999999363
0.25 0.75
0.24999999999999997 0.75
0.24999999999999997 0.75
0.25 0.75
0.25000000060890304 0.749999999391097
0.8059668659431349 0.19403313405686506
0.8749999995713631 0.12500000042863693
0.8749999957532504 0.12500000424674965
0.875 0.12500000000000003
0.8748180245370506 0.12518197546294943
0.25 0.75
0.25 0.75
0.24999999999999997 0.7500000000000001
0.25 0.75
0.24999999999999994 0.75
0.25 0.75
0.2500000000000028 0.7499999999999972
0.5786526531469798 0.4213473468530203
0.8749999825819302 0.12500001741806968
0.2500872071642282 0.7499127928357717
0.8735931023599831 0.12640689764001686
0.8749999999868565 0.12500000001314351
0.2506679316317768 0.7493320683682232
0.2500740528553703 0.7499259471446297
0.250033220375291 0.749966779624709
0.2533848067607236 0.7466151932392765
0.2500200020195527 0.7499799979804473
0.8749999999299413 0.12500000007005865
0.8749975754881415 0.12500242451185856
0.8749999999411314 0.1250000000588686
0.8749999999993807 0.12500000000061937
0.8749986050002038 0.12500139499979618
0.8749999999999832 0.12500000000001674
0.8653620401785606 0.13463795982143936
0.25 0.75
0.24999999999999994 0.75
0.25 0.75
0.25 0.7500000000000001
0.8749623366933347 0.12503766330666524
0.24999999999999994 0.75
0.25 0.75
0.8749999999276414 0.12500000007235848
0.8749999999999724 0.12500000000002762
0.8748383622495899 0.12516163775041012
0.8737499591901072 0.1262500408098927
0.24999999999999994 0.75
0.25 0.75
0.25 0.7500000000000001
0.25 0.7500000000000001
0.24999999999999997 0.75
0.24999999999999997 0.75
0.25 0.7500000000000001
0.25 0.75
0.25 0.7500000000000001
0.24999999999999997 0.7500000000000001
0.25 0.75
0.25913781241885026 0.7408621875811499
0.8749999999994251 0.12500000000057485
0.24999999999999997 0.7500000000000001
0.24999999999999994 0.75
0.24999999999999994 0.75
0.25776530799564207 0.742234692004358
0.25003407476840944 0.7499659252315904
0.25 0.7500000000000001
0.25 0.75
0.8749999490606435 0.12500005093935657
0.875 0.12500000000000003
0.25 0.7500000000000001
0.25 0.7500000000000001
0.24999999999999997 0.75
0.24999999999999997 0.7500000000000001
0.24999999999999997 0.75
0.8749999999999984 0.12500000000000155
0.847374343995783 0.15262565600421696
0.2500147808908406 0.7499852191091594
0.8749999999996199 0.1250000000003801
0.8749982179283793 0.12500178207162074
0.25000000074797607 0.749999999252024
0.874999954599211 0.12500004540078907
0.875 0.12500000000000003
0.24999999999999997 0.7500000000000001
0.24999999999999997 0.75
0.24999999999999997 0.75
0.24999999999999997 0.75
0.25 0.75
0.25 0.7500000000000001
0.4790300181630935 0.5209699818369065
0.8749999999845743 0.12500000001542572
0.8749999999999971 0.1250000000000029
0.8749903531408152 0.12500964685918475
0.25 0.75
0.2500000000000011 0.7499999999999989
0.8747651959727925 0.12523480402720766
0.2500002882130637 0.7499997117869363
0.2500001835079057 0.7499998164920945
0.24999999999999994 0.75
0.8749996055687117 0.12500039443128821
0.27219223083401367 0.7278077691659864
0.8748480515596193 0.12515194844038058
0.8749999999977327 0.12500000000226733
0.25000026748254844 0.7499997325174516
0.2500201088478501 0.7499798911521499
0.8731538228501671 0.12684617714983287
0.8745180846550635 0.12548191534493647
0.5683075765398303 0.43169242346016967
0.24999999999999997 0.75
0.24999999999999994 0.75
0.8749955462507782 0.1250044537492217
0.24999999999999997 0.75
0.2500023847909302 0.7499976152090698
0.8698070338452955 0.13019296615470455
0.8749999981480667 0.12500000185193333
0.2500000192087945 0.7499999807912054
0.25 0.75
0.8647152006975183 0.13528479930248186
0.8747114557575296 0.12528854424247046
0.8749597233244565 0.12504027667554352
0.25 0.7500000000000001
0.25 0.75
0.25 0.7499999999999999
0.8749929953432294 0.12500700465677067
0.2598279859817737 0.7401720140182264
0.8749979042993373 0.12500209570066267
0.2500000000002202 0.7499999999997798
0.8749862783400257 0.1250137216599742
0.2507935690899118 0.7492064309100883
0.26466121245366403 0.7353387875463359
0.25005852681085045 0.7499414731891495
0.8750000000000001 0.125
0.7395622707450933 0.2604377292549068
0.7838769524888628 0.2161230475111372
0.8749889218616328 0.12501107813836723
0.8749999999999933 0.1250000000000067
0.8749999990965466 0.12500000090345342
0.8749999999999917 0.1250000000000084
0.8749999999993888 0.12500000000061112
0.24999999999999997 0.75
0.2500000000000001 0.75
0.25000006589572216 0.7499999341042779
0.25 0.75
0.666168765158083 0.333831234841917
0.25 0.75
0.24999999999999994 0.75
0.25 0.75
0.25151432743201574 0.7484856725679843
0.41627545343739714 0.5837245465626029
0.8749999999447987 0.12500000005520126
0.24999999999999997 0.7500000000000001
0.24999999999999994 0.75
0.24999999999999994 0.75
0.24999999999999994 0.75
0.25 0.7500000000000001
0.25 0.7500000000000001
0.25 0.75
0.25 0.7500000000000001
0.8411427975026469 0.15885720249735316
0.875 0.12500000000000003
0.24999999999999997 0.75
0.25 0.7499999999999999
0.2500064365182256 0.7499935634817744
0.8749999999999996 0.1250000000000005
0.8749999999999997 0.12500000000000036
0.8061715346947448 0.1938284653052553
0.8749214408002791 0.12507855919972086
0.875 0.12500000000000003
0.37746452442025963 0.6225354755797404
0.8749999999999998 0.12500000000000014
0.8749578750621166 0.1250421249378834
0.25 0.75
0.25 0.7500000000000001
0.8204175384859357 0.1795824615140643
0.25000000000029 0.7499999999997101
0.24999999999999997 0.7500000000000001
0.24999999999999994 0.75
0.8749999999975541 0.12500000000244602
0.2500000000001649 0.7499999999998351
0.875 0.125
0.2533231545245664 0.7466768454754337
0.8729103131393694 0.12708968686063052
0.2512605731908643 0.7487394268091356
0.874999991639835 0.12500000836016503
0.24999999999999997 0.75
0.24999999999999997 0.75
0.25 0.75
0.874753866506908 0.12524613349309194
0.8694947088617628 0.1305052911382372
0.8749797678475957 0.12502023215240435
0.2595299970181398 0.7404700029818603
0.25 0.7500000000000001
0.8242676631674862 0.17573233683251382
0.6940093310990857 0.3059906689009143
0.875 0.12500000000000003
0.25 0.7500000000000001
0.261556697755378 0.738443302244622
0.25000000025332947 0.7499999997466705
0.25000512486946713 0.7499948751305328
0.8749999999998485 0.1250000000001515
0.2500047313731409 0.7499952686268592
0.25 0.75
0.816791964541351 0.18320803545864903
0.24999999999999994 0.75
0.25 0.75
0.24999999999999994 0.75
0.24999999999999997 0.75
0.24999999999999994 0.75
0.24999999999999997 0.75
0.25 0.75
0.25 0.7500000000000001
0.25002910759022146 0.7499708924097785
0.8749999965593124 0.12500000344068754
0.875 0.125
0.25000000430972613 0.7499999956902739
0.25000041257989275 0.7499995874201073
0.874989851389848 0.12501014861015192
0.25 0.7500000000000001
0.25 0.75
0.25 0.7500000000000001
0.24999999999999994 0.75
0.8749999999998461 0.12500000000015393
0.8352168419020966 0.1647831580979034
0.8749999999999504 0.12500000000004968
0.3057047288946645 0.6942952711053355
0.8749833111089067 0.1250166888910933
0.2500000000000002 0.7499999999999998
0.2500000000039584 0.7499999999960415
0.2500051398540241 0.7499948601459759
0.874999620027753 0.12500037997224697
0.25000000000009437 0.7499999999999056
0.8749999999999977 0.12500000000000233
0.8749999931127496 0.12500000688725044
0.2500000000175665 0.7499999999824335
0.24999999999999997 0.75
0.24999999999999994 0.75
0.24999999999999997 0.75
0.25 0.75
0.24999999999999994 0.75
0.25 0.75
0.25 0.7500000000000001
0.24999999999999997 0.75
0.25 0.75
0.24999999999999997 0.75
0.25 0.7500000000000001
0.25 0.75
0.25 0.7500000000000001
0.24999999999999997 0.75
0.24999999999999997 0.7500000000000001
0.24999999999999997 0.7500000000000001
0.25 0.75
0.8744026859445991 0.12559731405540084
0.2500000000000009 0.749999999999999
0.250000194278185 0.749999805721815
0.8024428963428083 0.19755710365719176
0.874998628799557 0.12500137120044305
0.25 0.7500000000000001
0.24999999999999994 0.75
0.25 0.7500000000000001
0.24999999999999997 0.75
0.25 0.75
0.25 0.7500000000000001
0.24999999999999994 0.75
0.25 0.75
0.25 0.7500000000000001
0.25 0.7500000000000001
0.25 0.75
0.24999999999999997 0.7500000000000001
0.24999999999999997 0.75
0.875 0.125
0.25000000000000105 0.7499999999999989
0.8749999999999803 0.12500000000001957
0.8749645143216874 0.1250354856783126
0.6532616857933013 0.3467383142066987
0.25871348981132375 0.7412865101886763
0.25000000001542083 0.7499999999845792
0.25 0.7500000000000001
0.24999999999999994 0.75
0.24999999999999997 0.75
0.24999999999999997 0.75
0.24999999999999997 0.75
0.8749988693106715 0.12500113068932858
0.2509887928334147 0.7490112071665854
0.25 0.75
0.250005118484235 0.749994881515765
0.2592977283826631 0.7407022716173369
0.8749999999999437 0.12500000000005634
0.25068253000618707 0.7493174699938129
0.8749269807606193 0.12507301923938072
0.2500000000002889 0.7499999999997112
0.25 0.75
0.8487513908781437 0.1512486091218564
0.25000000056035704 0.749999999439643
0.8749850738247656 0.12501492617523444
0.8749995166058302 0.12500048339416975
0.25000000029109487 0.7499999997089052
0.5128246725117804 0.48717532748821946
0.26229756184448605 0.737702438155514
0.87485385000226 0.12514614999774004
0.25052351414158014 0.7494764858584199
0.4298718550009379 0.5701281449990621
0.24999999999999992 0.75
0.24999999999999997 0.75
0.25 0.75
0.24999999999999994 0.75
0.25 0.75
0.6818733724467687 0.3181266275532313
0.6711168438190374 0.32888315618096264
0.38720494543207723 0.6127950545679228
0.737057684476736 0.262942315523264
0.25000000542943784 0.7499999945705622
0.24999999999999997 0.75
0.25 0.7500000000000001
0.24999999999999994 0.75
0.24999999999999994 0.75
0.25 0.75
0.25 0.75
0.25 0.7500000000000001
0.8271552767188599 0.1728447232811401
0.25000000000003453 0.7499999999999655
0.875 0.125
0.8749957286278939 0.1250042713721061
0.8500614726183471 0.14993852738165292
0.8743698255550114 0.1256301744449887
0.8749364710066997 0.1250635289933004
0.8749999989668812 0.12500000103311892
0.8746169730339094 0.12538302696609063
0.250000022397692 0.7499999776023081
0.8749999999998769 0.12500000000012315
0.24999999999999994 0.75
0.8727657330177281 0.1272342669822719
0.8749402671801345 0.1250597328198654
0.8749999999999883 0.1250000000000117
0.8737019439231196 0.1262980560768805
0.8748477849832672 0.12515221501673277
0.2500035715194483 0.7499964284805516
0.8367762193356576 0.16322378066434245
0.25 0.7500000000000001
0.25 0.75
0.24999999999999997 0.7500000000000001
0.25 0.75
0.2500216983822042 0.7499783016177958
0.24999999999999997 0.75
0.24999999999999997 0.75
0.25 0.75
0.25 0.7500000000000001
0.25 0.7500000000000001
0.8749324304715178 0.12506756952848216
0.25013190790916057 0.7498680920908394
0.8711756137745498 0.12882438622545012
0.8749999999362935 0.1250000000637065
0.8749999999999999 0.12500000000000022
0.25000000000388484 0.7499999999961151
0.2500000000011301 0.74999999999887
0.7380391772524252 0.2619608227475749
0.29407438920777546 0.7059256107922246
0.25585957779194 0.7441404222080599
0.25018517033239623 0.7498148296676038
0.8749999968684429 0.1250000031315571
0.24999999999999994 0.75
0.24999999999999997 0.75
0.24999999999999997 0.75
0.24999999999999997 0.7500000000000001
0.24999999999999994 0.75
0.24999999999999994 0.75
0.24999999999999997 0.75
0.24999999999999997 0.75
0.25 0.7500000000000001
0.25 0.75
0.8747649260881875 0.12523507391181257
0.874999924514548 0.12500007548545206
0.25000000687048773 0.7499999931295123
0.25000000003925826 0.7499999999607417
0.2500000054328175 0.7499999945671826
0.25 0.75
0.25 0.7500000000000001
0.24999999999999997 0.75
0.8749999999999999 0.12500000000000006
0.24999999999999997 0.75
0.24999999999999992 0.75
0.24999999999999994 0.75
0.8749999999999134 0.12500000000008665
0.2688821604105561 0.7311178395894439
0.25000223972774277 0.7499977602722573
0.24999999999999997 0.75
0.25 0.75
0.5 0.5
