1.0580342915491174e-198 1.0
3.129633356424167e-226 1.0
1.305264827955256e-213 1.0
1.298671440244557e-232 1.0
8.579200081531945e-220 1.0
1.681987456139845e-216 1.0
0.49881383645365246 0.5011861635463475
0.9999999999999929 7.0674058402528435e-15
0.9999999993485508 6.514492250036345e-10
0.0015966720144707173 0.9984033279855292
3.606701741099073e-06 0.999996393298259
0.9999999999998964 1.0362129959185026e-13
1.0242598354754034e-06 0.9999989757401645
0.9997305320680728 0.0002694679319271809
0.9999999999997233 2.76695484345921e-13
1.0 4.222786360365489e-19
4.227890427695944e-211 1.0
2.352793432495855e-221 1.0
6.444169805602004e-220 1.0
3.3169457652990557e-230 1.0
0.991881762857879 0.008118237142120965
2.3481630196261288e-17 1.0
0.9999999955263648 4.473635333445003e-09
1.2457299598893824e-198 1.0
0.9999999999984817 1.5182992316906868e-12
1.201672958771325e-10 0.9999999998798327
5.7211618409715e-13 0.9999999999994279
2.2563219686039294e-21 1.0
0.9999999999909316 9.068433375611132e-12
7.572822702229796e-11 0.9999999999242718
1.0704553466709391e-12 0.9999999999989295
0.43301664284793223 0.5669833571520677
5.88316552245331e-202 1.0
5.647885075801131e-221 1.0
1.0 3.0885672910417837e-18
2.2933083712547262e-06 0.9999977066916287
3.8098989152186436e-05 0.9999619010108478
0.99999999989702 1.0297982425177937e-10
2.6368752255566113e-18 1.0
0.9999999999999994 4.978207656899961e-16
1.8592998357727502e-200 1.0
3.412443265580247e-219 1.0
4.617276866536006e-221 1.0
2.443506535600472e-17 1.0
2.0802264517574217e-15 0.999999999999998
1.7419173374236703e-219 1.0
2.176688242074195e-205 1.0
4.9360803770852356e-197 1.0
3.6497627697822667e-242 1.0
4.814534220641935e-217 1.0
1.9442841013762903e-215 1.0
5.883435136743052e-226 1.0
0.9999783786395879 2.1621360412011574e-05
2.9575909291035224e-213 1.0
0.9999798169372781 2.018306272192142e-05
0.9999981708146772 1.8291853227533129e-06
0.0013355362811515053 0.9986644637188485
9.137681394803486e-224 1.0
0.9999999233039495 7.669605044235242e-08
0.6614850760197725 0.3385149239802274
2.7518283859826085e-228 1.0
2.0133711488398485e-16 0.9999999999999998
7.118497080386705e-11 0.999999999928815
0.9999999999999757 2.426117612095351e-14
2.097732639025061e-250 1.0
0.0029247655766419752 0.997075234423358
1.0 3.303594117478125e-17
1.9272624397445537e-08 0.9999999807273757
9.205155097955946e-09 0.9999999907948449
0.9999999999854915 1.4508496578339918e-11
0.9999976141178603 2.385882139826923e-06
4.078631085136075e-212 1.0
7.839123462933073e-188 1.0
1.3590350090627843e-220 1.0
7.978144978467893e-187 1.0
1.6160908212889e-227 1.0
3.890540604720781e-231 1.0
4.7070561207051024e-225 1.0
8.522553636582846e-201 1.0
6.751048719386928e-212 1.0
3.344708052100905e-211 1.0
0.028272217912705892 0.9717277820872942
1.1628153859086167e-08 0.9999999883718461
0.9999920012182876 7.998781712500813e-06
0.9998702051219054 0.00012979487809471532
6.85044235624429e-09 0.9999999931495576
5.989207635354972e-219 1.0
2.3194529608580974e-202 1.0
2.9212065181241068e-235 1.0
2.410284814951274e-233 1.0
1.39501080893694e-203 1.0
1.9463861444464267e-216 1.0
7.944865396997217e-193 1.0
8.330142199469938e-216 1.0
1.021115780556849e-211 1.0
1.278728573835757e-214 1.0
2.895069395601179e-06 0.9999971049306045
0.0057833589775955815 0.9942166410224044
1.0 4.695481022752154e-18
5.51146984795443e-235 1.0
9.934315372160519e-218 1.0
6.2948227854637264e-223 1.0
7.796578385491882e-213 1.0
1.970309205798067e-207 1.0
6.735274217938353e-217 1.0
3.664647514570487e-224 1.0
7.08212920162436e-196 1.0
4.024758946980749e-248 1.0
1.88498185790114e-221 1.0
5.25208743197118e-199 1.0
0.9999999999999988 1.2694165326166369e-15
6.806202402124366e-207 1.0
2.6551771209701826e-189 1.0
3.8337749077038e-197 1.0
0.9999999761538108 2.3846189276766716e-08
0.9999999999999981 1.8635775856389685e-15
0.9999999987705837 1.229416365499267e-09
0.014909687538945305 0.9850903124610547
7.312364449617444e-20 1.0
6.317878653036946e-16 0.9999999999999993
3.924655750031754e-233 1.0
9.766599463487716e-214 1.0
1.4616593689267043e-222 1.0
2.2873075312350842e-220 1.0
1.8167279586213765e-06 0.9999981832720414
0.999999999744418 2.55581957846792e-10
0.5651494257617468 0.43485057423825313
2.5357831568264577e-15 0.9999999999999976
0.9999984005683509 1.5994316490515532e-06
1.0 3.2452101046379365e-17
0.9999999992714854 7.285145898211741e-10
0.0005728685436120971 0.9994271314563878
0.9999996161461322 3.8385386776614033e-07
8.843759983043462e-227 1.0
5.095528124800893e-230 1.0
6.202330449635043e-214 1.0
0.9917916608017221 0.008208339198277955
0.9999999983381493 1.6618506865150372e-09
4.1941529755440535e-05 0.9999580584702445
1.2979927584814488e-232 1.0
3.3550030667177614e-223 1.0
2.219756986667696e-230 1.0
1.1255744534525873e-06 0.9999988744255466
3.167658278581369e-10 0.9999999996832342
4.567828006474925e-05 0.9999543217199353
0.4539588500800459 0.5460411499199542
0.9999999999418048 5.819517629927459e-11
0.9999999999127449 8.7255100732429e-11
1.0 6.4446167521481e-18
7.981805150553609e-209 1.0
0.00010507446585052611 0.9998949255341495
2.3842823731638973e-215 1.0
2.365122733040896e-198 1.0
2.2485291254611927e-214 1.0
7.29071260940072e-213 1.0
1.669507523421778e-215 1.0
3.222225638095815e-230 1.0
1.091599335083905e-226 1.0
4.215246529616766e-205 1.0
2.6776775206243025e-237 1.0
4.828569082366392e-246 1.0
4.509515546764184e-220 1.0
4.2596295976857624e-240 1.0
0.9999999999998083 1.9174337845749107e-13
0.999999948665626 5.133437399784154e-08
5.932064183098878e-10 0.9999999994067936
0.21500161426863876 0.7849983857313613
0.9999895531086678 1.0446891332179857e-05
1.0 1.102321684115542e-17
6.74601072084811e-14 0.9999999999999325
0.9999999999999958 4.300675688719525e-15
0.9999999999709315 2.9068526706695454e-11
0.036459511443932745 0.9635404885560672
1.3781253157141312e-213 1.0
1.744930730691575e-216 1.0
2.3679647163404034e-235 1.0
1.3366336742331086e-201 1.0
1.0477720729495247e-230 1.0
1.1407320632434158e-230 1.0
6.813503172611939e-215 1.0
6.267670651477545e-216 1.0
3.907569390337756e-214 1.0
3.049875817424236e-236 1.0
0.9977193089193882 0.0022806910806117383
0.14697440408173948 0.8530255959182604
5.560722980040951e-05 0.9999443927701996
0.9999999999906144 9.385695056508413e-12
2.5508694460857867e-12 0.9999999999974492
6.009747454755694e-219 1.0
7.82229924474786e-199 1.0
6.394298867043384e-207 1.0
0.9999999998405302 1.5946987380275667e-10
2.3200399773081332e-14 0.9999999999999769
0.02977322904942065 0.9702267709505793
0.38874082991088 0.6112591700891201
1.0 1.7945860266371348e-20
0.9999999999169588 8.30411427147141e-11
9.441138070445554e-15 0.9999999999999906
0.22222126459934985 0.7777787354006501
0.9999999999999974 2.5326849012048985e-15
0.9999999999999929 7.207917699291716e-15
1.9166707133200604e-200 1.0
2.4230506749028004e-212 1.0
8.544346934966767e-216 1.0
0.9999999677884492 3.221155080671987e-08
9.098614400291655e-198 1.0
4.9615871607245505e-217 1.0
1.4553929998207232e-238 1.0
5.610209509757797e-203 1.0
2.1896161767918525e-209 1.0
2.384474487018465e-199 1.0
1.225813576134094e-236 1.0
7.04443101775612e-229 1.0
6.2468316460587175e-217 1.0
6.397592471946971e-208 1.0
1.2306133658084652e-225 1.0
1.8323599679807227e-200 1.0
7.391610592827453e-08 0.999999926083894
0.9998998118041281 0.00010018819587189586
0.9186538957163521 0.08134610428364798
0.0004987720829946156 0.9995012279170054
0.9999999999713494 2.8650663540853757e-11
5.77175149892235e-08 0.999999942282485
0.9999999347272319 6.527276808950506e-08
2.5147831387321678e-241 1.0
2.751019314734018e-229 1.0
5.118619631828097e-210 1.0
4.243507193312647e-195 1.0
6.487552381807238e-186 1.0
5.79283646308611e-213 1.0
1.2772503815387833e-216 1.0
1.0739229349780124e-235 1.0
7.888888133969248e-222 1.0
1.6259582536298323e-235 1.0
1.2155829734689312e-210 1.0
9.423360890031078e-216 1.0
0.35304050208882376 0.6469594979111762
0.9999993351251546 6.648748454465794e-07
3.925578122408743e-214 1.0
2.0135109683745894e-217 1.0
1.5712923102462257e-217 1.0
1.4411526684246176e-202 1.0
0.13059896341322572 0.8694010365867743
8.271921181107276e-14 0.9999999999999173
8.0493450328305e-16 0.9999999999999992
9.819699317028828e-09 0.9999999901803007
0.9999999999326036 6.739650647048244e-11
0.9999999964910792 3.5089208403506174e-09
2.783393107319229e-12 0.9999999999972166
0.999999999999993 7.015700935121644e-15
0.005765491546895328 0.9942345084531047
0.8840041102205605 0.11599588977943952
0.9976810002201058 0.0023189997798942616
0.046414506484932574 0.9535854935150674
0.9988407231632351 0.0011592768367648574
0.999999999983138 1.68619292372924e-11
1.0 4.556941821307564e-21
0.9999999999616636 3.8336463731545306e-11
0.9987709844989793 0.0012290155010207338
0.99999912159726 8.784027400182265e-07
0.9954357057452097 0.004564294254790311
1.3260147219373906e-16 0.9999999999999999
1.8372543919508547e-07 0.9999998162745608
0.9999999947053039 5.2946960062511796e-09
5.7354322972491994e-229 1.0
0.0034199405536780273 0.996580059446322
0.9999999999999365 6.362263846924296e-14
0.9999999965382276 3.4617723277532037e-09
2.000439464560483e-219 1.0
5.460330344976942e-214 1.0
0.04366340702063963 0.9563365929793604
9.96720181870292e-09 0.9999999900327982
0.00021880975314701143 0.999781190246853
1.2744422472066348e-11 0.9999999999872556
0.9999997013127627 2.986872373020844e-07
0.9999897146429015 1.02853570984578e-05
0.9917074429219893 0.008292557078010732
3.2403049667761015e-15 0.9999999999999968
5.435593247988533e-08 0.9999999456440675
1.3154799708615022e-09 0.99999999868452
0.5862325077752333 0.4137674922247668
0.061504889473389654 0.9384951105266104
8.404114837616866e-05 0.9999159588516239
0.9999999999999991 9.172053514399875e-16
1.0883794454600622e-06 0.9999989116205544
1.7081625068443036e-197 1.0
2.485202469364247e-09 0.9999999975147974
2.6271370379900824e-16 0.9999999999999998
1.7016113613907143e-09 0.9999999982983886
0.019423869422427423 0.9805761305775725
4.206428166261336e-225 1.0
9.163516363343445e-225 1.0
2.7410852073847266e-238 1.0
9.02941782696454e-221 1.0
0.0006261031353769865 0.999373896864623
0.999999999999999 9.66639358036805e-16
4.0610656323465205e-223 1.0
4.5850047933505365e-214 1.0
7.428130121976791e-15 0.9999999999999926
2.6513867600011268e-225 1.0
4.2047758888327064e-241 1.0
3.503000145435924e-221 1.0
2.4085204622684376e-239 1.0
8.434477053612492e-208 1.0
3.677155282633285e-231 1.0
5.90515155442378e-245 1.0
3.549101533973231e-227 1.0
8.678845048190094e-220 1.0
1.1150907433437664e-208 1.0
4.631618228111568e-228 1.0
1.1511905870754656e-242 1.0
0.9987980298324617 0.0012019701675383386
8.883207795786949e-232 1.0
2.8001236974593957e-209 1.0
2.2335323353786914e-190 1.0
2.324979250096666e-219 1.0
1.2190624828364734e-236 1.0
3.785445549500184e-195 1.0
1.1275844463058805e-231 1.0
1.8315755904145054e-237 1.0
7.585245536030492e-214 1.0
6.0639142639137586e-210 1.0
6.432979781980324e-215 1.0
0.9999999996624335 3.375664667621543e-10
0.8654346680258606 0.13456533197413947
7.29884483766548e-06 0.9999927011551623
0.00029460747227919194 0.9997053925277207
3.680908317341527e-231 1.0
9.159165203739652e-222 1.0
0.0004561586575386826 0.9995438413424612
2.929890812871523e-12 0.9999999999970701
0.002058379787408437 0.9979416202125915
0.04596691256675681 0.9540330874332432
1.0284296789983038e-18 1.0
3.1430906761595655e-05 0.9999685690932385
5.783582279106721e-06 0.9999942164177208
0.9819296882242842 0.018070311775715747
1.4418633139276189e-05 0.9999855813668608
0.6997893816794679 0.300210618320532
0.9999999999996213 3.787005888573638e-13
0.9999999999999807 1.933788056971348e-14
6.622553251381662e-225 1.0
1.7675716861602326e-196 1.0
1.925090654626585e-210 1.0
0.9999999999999998 1.6058137974825426e-16
0.9999999999986968 1.3031764950379637e-12
3.476177915412924e-07 0.9999996523822086
1.0 1.2076176044663198e-17
3.383544896287782e-239 1.0
8.351050174365943e-214 1.0
6.324891074503476e-05 0.999936751089255
7.482983413708119e-212 1.0
0.9999999982197069 1.7802932338646893e-09
0.996004744174255 0.003995255825745064
1.317083194187002e-207 1.0
5.195501022018598e-195 1.0
0.8551989398943186 0.14480106010568145
0.9999999999999998 2.10289602121304e-16
0.999999999999183 8.169109367426309e-13
0.00226548647086896 0.997734513529131
3.8714439549191134e-10 0.9999999996128556
0.954327901160891 0.045672098839109096
1.1314829539874712e-06 0.9999988685170461
1.1138125322785642e-15 0.9999999999999989
0.9999999999999879 1.2063392343435765e-14
1.53736791679669e-10 0.9999999998462632
2.2188771003892087e-06 0.9999977811228997
0.8333745554802571 0.16662544451974298
0.9999999994400092 5.599909153122339e-10
9.013838760017742e-23 1.0
5.0573038643916904e-204 1.0
7.904962037860124e-223 1.0
2.0970134836112294e-223 1.0
1.4000074073088951e-226 1.0
1.5847510169965396e-207 1.0
2.2081884398312664e-214 1.0
1.1193321276756857e-230 1.0
1.0 5.8153699849718476e-18
0.00019570693105647272 0.9998042930689435
0.999999969954564 3.0045435963556906e-08
2.989498870848837e-215 1.0
2.548532576876541e-228 1.0
0.9999999939643921 6.0356078455593e-09
0.9999999996763453 3.2365468725324764e-10
5.509882839032174e-18 1.0
5.439711892300957e-207 1.0
3.9844605758735477e-05 0.9999601553942412
1.2233139712420908e-20 1.0
1.2565786651534058e-08 0.9999999874342134
0.9685202458530087 0.03147975414699143
0.9999999998293259 1.7067409032742573e-10
8.094382995808495e-06 0.9999919056170042
0.9999999999978604 2.13965134376097e-12
7.718930113857696e-211 1.0
3.0977465241771485e-228 1.0
1.5047156343882987e-216 1.0
1.4203694040115404e-217 1.0
2.4166251719244678e-221 1.0
2.2498534020873696e-11 0.9999999999775014
1.4472777646321825e-06 0.9999985527222354
2.4110057593375168e-14 0.9999999999999759
2.3018251386123403e-196 1.0
7.364331764498608e-06 0.9999926356682354
0.8906897477599559 0.10931025224004401
0.0004355133978450689 0.9995644866021549
7.927664548939903e-204 1.0
1.9659051249270933e-209 1.0
0.9791436343549969 0.020856365645003247
0.999999984040365 1.5959634863317633e-08
0.9999999999191455 8.085456941751223e-11
0.999987597765741 1.2402234258992466e-05
1.0019167734954745e-214 1.0
1.0911895035472143e-211 1.0
5.97272977374504e-217 1.0
9.494818782659601e-211 1.0
8.145688848773236e-203 1.0
2.4834786768544331e-200 1.0
0.9996092228516938 0.00039077714830610414
4.910798481902638e-11 0.999999999950892
0.9999999997801476 2.1985233430731335e-10
1.153159803916808e-15 0.9999999999999989
5.065976229522589e-209 1.0
5.0568275766234376e-232 1.0
2.6587794288755982e-12 0.9999999999973411
1.3399788471357022e-12 0.9999999999986601
0.00019808149616207469 0.9998019185038379
0.9999999999972845 2.7154427127477506e-12
0.9999999999945933 5.4066771756397145e-12
4.026663154162257e-08 0.9999999597333684
1.0 2.334476701088336e-27
0.9999999084372938 9.156270612621138e-08
0.02384466018108616 0.9761553398189138
0.7756443506897978 0.22435564931020227
0.9999992827249801 7.17275019925865e-07
5.712252518898175e-08 0.9999999428774748
0.9999903372538738 9.662746126309283e-06
0.9999999997601403 2.398597598862382e-10
5.2640805407608524e-15 0.9999999999999948
0.9860482336959773 0.013951766304022775
1.5513648304638663e-222 1.0
5.037963090223134e-220 1.0
2.333803637593435e-213 1.0
1.5787850169354087e-212 1.0
6.823367025441987e-232 1.0
5.143041636765642e-22 1.0
0.9999997524402663 2.475597337274918e-07
0.9999997009106367 2.990893632860655e-07
0.9225671397068693 0.07743286029313064
0.9999999999999793 2.061288715111459e-14
3.1292140904599786e-07 0.9999996870785909
2.620689420569217e-08 0.9999999737931058
2.8544821365519338e-15 0.9999999999999971
2.8910843037247366e-216 1.0
0.9581076442683489 0.04189235573165111
6.79685452454503e-11 0.9999999999320315
0.0003742992224789853 0.999625700777521
1.9570798992902003e-226 1.0
4.2322863057839174e-224 1.0
3.3683685921109074e-221 1.0
3.9512829696664033e-205 1.0
9.845077529612114e-225 1.0
9.272943680404965e-232 1.0
1.638850282042058e-220 1.0
3.032476186772123e-205 1.0
3.1985389531601054e-203 1.0
0.8857433450094995 0.11425665499050049
1.4202511994105772e-07 0.9999998579748801
0.9235050090788928 0.07649499092110724
0.8858218517784658 0.11417814822153423
0.9983640161453515 0.0016359838546485584
0.9612488134062913 0.03875118659370865
3.633239128032965e-05 0.9999636676087197
0.9999864411967583 1.3558803241723563e-05
0.9999999999999724 2.7673027466497053e-14
4.475211805570995e-206 1.0
2.5821216649479146e-230 1.0
4.81517807013842e-217 1.0
0.8593490769906325 0.14065092300936752
4.3140951914729895e-07 0.9999995685904809
0.0001799748226586455 0.9998200251773415
0.9999999999650491 3.495087651392952e-11
1.0 4.836930164995508e-21
4.392626934489394e-215 1.0
5.2736129342286214e-229 1.0
4.227448861543284e-232 1.0
1.4540185006795045e-26 1.0
1.797380345093059e-229 1.0
1.9644113290636546e-224 1.0
2.7061493437579656e-05 0.9999729385065624
0.9999658292456309 3.417075436904352e-05
0.9999999998671179 1.3288213620190137e-10
0.7028569894025044 0.29714301059749554
5.849483376420785e-12 0.9999999999941506
3.30550709803581e-07 0.9999996694492902
4.1600713795685175e-18 1.0
2.443040950692121e-05 0.9999755695904932
4.056363146708746e-13 0.9999999999995944
0.9999961558312013 3.844168798718118e-06
1.512106952111056e-19 1.0
3.4465436422541015e-06 0.9999965534563577
1.0 1.2452493953956675e-18
0.04693385861459764 0.9530661413854024
0.1069180107393503 0.8930819892606497
0.999999999550252 4.4974806215578184e-10
9.368906814725148e-220 1.0
7.741715538574671e-06 0.9999922582844614
5.730141824167977e-17 1.0
6.560989288407672e-13 0.999999999999344
1.3018798214620084e-08 0.9999999869812018
0.9999999999995586 4.4145358444595906e-13
0.03993240604098229 0.9600675939590176
3.0692455880388043e-227 1.0
1.6770649549256053e-241 1.0
1.2697917545203009e-196 1.0
1.607769377515439e-216 1.0
1.7405392404325215e-209 1.0
8.002395297605615e-13 0.9999999999991998
3.33543678966117e-219 1.0
1.9726511256233907e-194 1.0
1.1292031937295211e-198 1.0
1.8124787611930695e-213 1.0
2.4004472939306943e-219 1.0
5.580495151173717e-218 1.0
7.865765354862184e-221 1.0
4.52566711553272e-251 1.0
1.596454410259544e-197 1.0
1.8907304645419298e-209 1.0
9.761369667218486e-221 1.0
7.873179102625847e-217 1.0
6.864892008523664e-225 1.0
2.151622178441493e-224 1.0
6.269187979095197e-212 1.0
9.689789196373353e-218 1.0
1.0 6.27351129958436e-20
0.999995471448497 4.5285515030254865e-06
0.9999999972571265 2.7428734560569944e-09
3.1788405713375536e-15 0.9999999999999968
1.4469594430272382e-12 0.999999999998553
1.1356009894065029e-241 1.0
2.136880344387e-211 1.0
8.821370868209782e-218 1.0
1.0601918667510514e-225 1.0
1.070324641861423e-203 1.0
9.668675929404816e-213 1.0
7.286892151166869e-209 1.0
0.6328078575624813 0.36719214243751874
1.9847380839483902e-16 0.9999999999999998
0.9999999992359194 7.640806363828531e-10
0.8731813329129835 0.12681866708701645
8.230485629999181e-13 0.9999999999991769
1.9047882506546633e-223 1.0
8.490836632307586e-217 1.0
3.1508218702325223e-06 0.9999968491781297
4.935421936374283e-05 0.9999506457806363
0.0016282021694980573 0.9983717978305019
0.9589799809284094 0.041020019071590585
0.9999996603933913 3.396066086754892e-07
1.0637212431309986e-191 1.0
2.380528007258809e-229 1.0
5.3382089056542154e-205 1.0
1.9445388891688246e-225 1.0
6.982253326065719e-223 1.0
3.2850922649067443e-217 1.0
8.066806453133718e-226 1.0
3.581748287050869e-235 1.0
1.374470125934265e-228 1.0
1.704980363568342e-14 0.9999999999999829
2.1474641629791982e-197 1.0
1.3227672839849038e-231 1.0
9.194829751676263e-214 1.0
1.2687363997785716e-226 1.0
4.145799336207427e-226 1.0
5.705141879258185e-211 1.0
3.0514506701530674e-217 1.0
2.0542959901881376e-240 1.0
1.7386992007795533e-221 1.0
2.4727313325535705e-215 1.0
3.4919319941041163e-224 1.0
7.843239692570103e-223 1.0
6.736361955525712e-234 1.0
5.326528334370662e-203 1.0
4.5554740735028285e-241 1.0
0.0018190745792830657 0.9981809254207169
1.2502431808383861e-09 0.9999999987497569
1.0 1.071354302830618e-21
1.0 2.096883942406535e-20
7.86724389683001e-215 1.0
6.601373013264072e-209 1.0
0.9999999999605033 3.949668717786725e-11
4.843000205714151e-09 0.9999999951569998
0.9999958272499964 4.1727500035838345e-06
6.176612690930162e-07 0.9999993823387309
0.2934743134185914 0.7065256865814086
0.9999999999976574 2.3426060322010188e-12
4.099324952149479e-19 1.0
0.9999999999978423 2.157725763068863e-12
1.2861976080096976e-05 0.9999871380239199
7.796392858344867e-05 0.9999220360714166
5.857021917817967e-14 0.9999999999999415
0.9998807447719616 0.0001192552280384249
0.9999999998346838 1.6531630278866127e-10
2.564368148498324e-10 0.9999999997435631
7.234475823899342e-19 1.0
0.0027598807270168284 0.9972401192729832
1.0720329417191988e-19 1.0
1.743150753540984e-217 1.0
9.838135661289553e-206 1.0
0.8055244819788386 0.19447551802116128
0.5088178258515889 0.49118217414841114
0.002507270929363147 0.9974927290706368
5.358120323126455e-240 1.0
2.1357613713905885e-205 1.0
2.3184448837159786e-216 1.0
7.623534376145607e-215 1.0
4.8566840072008926e-17 1.0
0.9994925396336155 0.0005074603663846027
1.0713515987956161e-12 0.9999999999989286
2.739298330732161e-210 1.0
1.404892013817356e-220 1.0
7.744908242388845e-210 1.0
1.0237054057828204e-212 1.0
3.9090895170791565e-11 0.9999999999609092
0.160899909078384 0.839100090921616
0.9999999869163244 1.3083675541917066e-08
0.9999999864104009 1.3589599191536568e-08
1.0 1.0134501869665401e-19
0.9999722630988822 2.7736901117857277e-05
1.0823095262946632e-226 1.0
1.0385590285407053e-221 1.0
1.500933868024969e-214 1.0
1.12862028512492e-216 1.0
3.5797118705585076e-233 1.0
3.825401313663857e-239 1.0
5.406357861875408e-16 0.9999999999999996
0.025725753310959967 0.9742742466890401
0.9999999525211954 4.747880448469068e-08
7.066943489828356e-05 0.9999293305651017
0.9134821017453564 0.08651789825464362
0.9999999999974534 2.546605663984847e-12
0.011104134703208323 0.9888958652967917
6.365276653842142e-05 0.9999363472334616
2.611472907722413e-05 0.9999738852709228
0.0027153802889598113 0.9972846197110403
7.758247408588007e-07 0.9999992241752592
0.9999999952921855 4.7078144262670735e-09
0.999992241592049 7.758407950897905e-06
0.9999999998116162 1.8838371343964165e-10
0.9999999999980181 1.981853136604842e-12
0.9999955360106159 4.463989384148538e-06
0.9999999999999508 4.912418148345544e-14
0.9985105779465802 0.0014894220534197255
2.4974436931308797e-203 1.0
2.2301984769344673e-202 1.0
1.506280244761186e-238 1.0
2.9266378725593055e-206 1.0
0.9998794846810799 0.00012051531892019137
3.1944106230221926e-201 1.0
3.980080516632092e-227 1.0
0.99999999513751 4.86248986153127e-09
0.9999999999999117 8.820870850527952e-14
0.9994887414128778 0.0005112585871221733
0.9998088934538998 0.00019110654610016807
1.6954550644251203e-204 1.0
1.783590958555077e-206 1.0
9.8402236462055e-238 1.0
3.4645249569897736e-205 1.0
1.5645242587693565e-212 1.0
8.289660462907381e-194 1.0
5.900163309313529e-228 1.0
3.6722012768525024e-236 1.0
2.7120827570988757e-224 1.0
2.0809170291955938e-208 1.0
1.451199882449648e-191 1.0
0.00035314739812531304 0.9996468526018747
0.9999999999981649 1.8351019569190347e-12
1.2651875541454487e-217 1.0
3.71819807987566e-232 1.0
7.62133945678525e-245 1.0
0.006249950875614378 0.9937500491243856
2.840112556331647e-05 0.9999715988744367
3.313317740143345e-227 1.0
1.6113996551252562e-225 1.0
0.9999965768866804 3.4231133196169077e-06
1.0 3.2592489042782862e-21
5.601871032916165e-203 1.0
3.7840855141668266e-213 1.0
2.0226338060029978e-222 1.0
2.2875075181135217e-224 1.0
2.0526061170771255e-208 1.0
0.9999999999999195 8.0501278463028e-14
0.9956146702360653 0.004385329763934683
1.1677982722685134e-05 0.9999883220172773
0.9999999999744618 2.5538308023922996e-11
0.9999997284455275 2.7155447242644926e-07
5.9838063254535e-10 0.9999999994016194
0.9999969490760744 3.0509239256307687e-06
1.0 1.6255227956619625e-21
1.0743639097966687e-16 0.9999999999999998
1.512377283321563e-228 1.0
1.2371782428667453e-224 1.0
6.140507440714421e-236 1.0
3.654639458298524e-218 1.0
1.4562536135053605e-218 1.0
0.013584410007437072 0.986415589992563
0.9999999990501963 9.49803739405967e-10
0.9999999999999909 9.091401892971078e-15
0.9999985299818812 1.4700181188278474e-06
6.52777891712172e-19 1.0
4.2251156869149324e-17 1.0
0.9992489081338721 0.0007510918661280033
4.831578435639206e-06 0.9999951684215643
1.4681107483160475e-07 0.9999998531889251
2.549388935687012e-214 1.0
0.9999985838759846 1.4161240153602576e-06
0.018099266638249262 0.9819007333617508
0.9909803257502305 0.009019674249769473
0.9999999999996455 3.54470968675732e-13
4.4932066490808725e-06 0.9999955067933508
7.79056916648211e-07 0.9999992209430834
0.8897716464020116 0.11022835359798852
0.9996089593769416 0.00039104062305846414
0.9158638206615378 0.08413617933846224
1.7261020763140487e-201 1.0
3.8263446875299104e-219 1.0
0.9999857481040497 1.4251895950367565e-05
6.54155801642234e-213 1.0
9.518867148892527e-08 0.9999999048113285
0.7397046774711162 0.2602953225288839
0.9999999994476567 5.523432018889754e-10
3.2270765408291904e-07 0.999999677292346
6.199001045088088e-28 1.0
0.5879404907404814 0.4120595092595186
0.9974025180661614 0.0025974819338385273
0.9999938165919987 6.18340800135564e-06
3.361546543332953e-232 1.0
4.831561069428799e-221 1.0
2.424447493617116e-196 1.0
0.9999763948929143 2.3605107085662866e-05
0.007924316248367902 0.9920756837516321
0.9999936319794971 6.3680205029269385e-06
1.7619966583481126e-13 0.9999999999998239
0.9999559056271304 4.4094372869681686e-05
0.01221044364118965 0.9877895563588104
0.012825755583235085 0.987174244416765
2.422099293872057e-06 0.9999975779007062
1.0 4.3913006496331265e-24
0.7771887970479057 0.22281120295209436
0.621150847039022 0.378849152960978
0.9999077322604955 9.226773950450336e-05
0.9999999999999787 2.1303721278561184e-14
0.999999997108949 2.891050957746895e-09
0.9999999999999731 2.689388965069656e-14
0.999999999999907 9.312141963270728e-14
1.2626891034000358e-199 1.0
5.880018434253198e-17 1.0
5.271658051610577e-08 0.9999999472834195
1.4462791596943825e-191 1.0
0.49910431244157333 0.5008956875584266
7.797768810509832e-211 1.0
2.6816837351138027e-207 1.0
2.3888537962555175e-244 1.0
0.0005673130376029389 0.999432686962397
0.008588569859289066 0.9914114301407109
0.9999999998329745 1.6702550924281846e-10
3.4695501853746153e-218 1.0
8.131023042228075e-213 1.0
3.673485970573312e-202 1.0
5.736336154707325e-206 1.0
4.415060791784021e-234 1.0
1.8600198477718283e-205 1.0
3.0635581018294794e-196 1.0
2.9462955806818207e-205 1.0
0.2936413962769652 0.7063586037230348
1.0 1.5902883801367862e-20
8.810347392886503e-200 1.0
2.2350093144996918e-184 1.0
2.45203159394131e-07 0.9999997547968406
0.9999999999999694 3.054874797094987e-14
0.9999999999999993 6.827897569539863e-16
0.8017122102900522 0.1982877897099477
0.9995771524025626 0.0004228475974373615
1.0 3.45768978796763e-30
0.11355055336173664 0.8864494466382633
0.9999999999999949 5.12033949612233e-15
0.999993580570384 6.41942961601103e-06
2.6766806985400718e-211 1.0
3.662848051104598e-228 1.0
0.8393647140553655 0.16063528594463455
3.1793911328282217e-12 0.9999999999968207
2.558708584554689e-214 1.0
1.5706496068044532e-223 1.0
0.9999999999921728 7.82718583556991e-12
1.3193521013727556e-13 0.9999999999998681
1.0 7.794874144882878e-18
0.0027165218185543454 0.9972834781814457
0.9934094736445181 0.006590526355481916
0.0009907340039399127 0.9990092659960601
0.9999999734231257 2.657687422816055e-08
2.1134896191775642e-209 1.0
5.676757808027126e-222 1.0
7.193134226977929e-232 1.0
0.9844952256167323 0.015504774383267705
0.9817704732447587 0.018229526755241365
0.9999965866690004 3.4133309996125873e-06
0.139845197310454 0.8601548026895461
5.023328684657988e-19 1.0
0.4540901310152319 0.545909868984768
0.23780561267330053 0.7621943873266994
1.0 8.889120807921415e-19
3.093766405015622e-21 1.0
0.00933163247680665 0.9906683675231934
2.1534452716611065e-10 0.9999999997846555
1.9523468560677346e-07 0.9999998047653144
0.9999999999995153 4.848209491975136e-13
7.948135271619175e-05 0.9999205186472837
2.801274654289152e-20 1.0
0.829603773850309 0.17039622614969094
7.997542634301177e-215 1.0
1.65371466075594e-207 1.0
1.1866156766524298e-233 1.0
1.0914749864413084e-200 1.0
2.546867167516735e-212 1.0
4.913773375242235e-225 1.0
1.3021516804119142e-205 1.0
3.505473752016296e-228 1.0
1.108911029484141e-06 0.9999988910889704
0.9999997687875616 2.3121243851626803e-07
1.0 9.357665423386514e-20
7.240323465365287e-08 0.9999999275967653
1.5718805348638646e-08 0.9999999842811946
0.9999675249782392 3.247502176094567e-05
3.9721587679815174e-230 1.0
3.039891132961379e-221 1.0
9.65483198118048e-204 1.0
1.847534775859277e-212 1.0
0.9999999999925111 7.488903826130353e-12
0.8803123767080215 0.11968762329197845
0.9999999999999862 1.380828898182956e-14
0.04664912735905743 0.9533508726409426
0.999959572540366 4.0427459633941284e-05
3.429227093723054e-15 0.9999999999999966
3.1666511722384776e-12 0.9999999999968333
1.9580621498227887e-07 0.999999804193785
0.9999987840911363 1.2159088637689686e-06
7.548175304899146e-14 0.9999999999999246
0.9999999999998439 1.5600404302898664e-13
0.9999999989505143 1.049485788681989e-09
2.951175447132587e-10 0.9999999997048825
3.649152250364915e-251 1.0
5.873706643584651e-217 1.0
2.423413602663575e-219 1.0
2.101277848219108e-241 1.0
2.1009427145125405e-207 1.0
1.5480907273601441e-218 1.0
2.2037790985238316e-211 1.0
9.474777916895381e-215 1.0
8.053149009245437e-217 1.0
1.4726165639616263e-213 1.0
1.581105077074166e-207 1.0
2.816182659230255e-237 1.0
6.991881688517833e-212 1.0
2.979810529672913e-209 1.0
2.3085497037557322e-212 1.0
5.071408207283441e-195 1.0
4.456686464166127e-224 1.0
0.9980904200130633 0.0019095799869368248
1.5478287754531086e-14 0.9999999999999846
1.2754734208108357e-08 0.9999999872452658
0.15346476711025536 0.8465352328897447
0.9999979493200853 2.050679914655547e-06
1.5345539227099691e-223 1.0
7.08024451751382e-207 1.0
1.6170665337416767e-255 1.0
8.330456738544108e-224 1.0
4.385879975040547e-209 1.0
1.573176829696997e-228 1.0
9.81963135925944e-230 1.0
5.482889161907624e-198 1.0
4.6004570044462904e-222 1.0
7.491122544995123e-208 1.0
1.9436668852312102e-212 1.0
2.5271269088483424e-219 1.0
9.088828198079954e-228 1.0
1.0 3.6857313848171966e-19
9.092047313814355e-16 0.9999999999999991
0.9999999999986847 1.3152212793238119e-12
0.9999694365913377 3.056340866230518e-05
0.9480157038452092 0.05198429615479087
0.11385478482031611 0.8861452151796839
2.2469685283080783e-11 0.9999999999775303
1.1191055338523936e-221 1.0
2.827849864964833e-230 1.0
2.0745166231612944e-234 1.0
6.602004099117603e-202 1.0
3.6376583143764424e-205 1.0
0.9999963626947771 3.637305222914414e-06
0.016365580824556594 0.9836344191754435
2.4180392427738273e-211 1.0
3.899033172430424e-06 0.9999961009668277
0.0003594280540435066 0.9996405719459565
0.9999999999998196 1.8041375024103372e-13
0.0005466868682947465 0.9994533131317053
0.9997672142467842 0.00023278575321581535
4.849849847175398e-12 0.9999999999951501
2.173112744843339e-208 1.0
0.919389895574987 0.08061010442501305
3.5942242651378657e-10 0.9999999996405776
0.9989979466228986 0.0010020533771013071
0.9999999261288135 7.387118651699262e-08
1.5485985391198212e-09 0.9999999984514014
0.2538203289568392 0.7461796710431609
0.0014510551391351265 0.9985489448608649
0.9995356180853687 0.00046438191463123315
0.0038712679929609464 0.996128732007039
0.17168692579080685 0.8283130742091931
9.694326531355833e-227 1.0
2.1311594223591943e-215 1.0
1.350182871009378e-232 1.0
1.0098614877269909e-225 1.0
1.2163341663777441e-211 1.0
0.1544373391015824 0.8455626608984176
0.5391950016127339 0.4608049983872661
0.09956761144268848 0.9004323885573116
0.7512826224508835 0.24871737754911652
4.7927869308909566e-08 0.9999999520721307
3.389858911008122e-213 1.0
1.270829146545187e-224 1.0
9.46221651739224e-241 1.0
4.6607185127508313e-234 1.0
1.2297199373141015e-238 1.0
5.735479240285657e-223 1.0
9.15300904376456e-237 1.0
0.8577837601286908 0.14221623987130916
1.888868812035907e-14 0.9999999999999811
1.0 3.6872522540381386e-29
0.99998892982216 1.107017783995434e-05
0.9236629333051537 0.07633706669484626
0.9975179362841475 0.0024820637158524885
0.9997952835809192 0.00020471641908090826
0.9999999967036344 3.296365659906655e-09
0.9999416015980197 5.839840198024927e-05
1.7915164557948435e-08 0.9999999820848354
0.9999999999996059 3.941243477893808e-13
1.340499704373003e-18 1.0
0.8691124105414466 0.13088758945855347
0.9997283884934516 0.00027161150654831664
0.9999999999999631 3.6950267934927096e-14
0.9958605675006129 0.0041394324993870545
0.9999765244183898 2.3475581610183393e-05
3.901097533324331e-06 0.9999960989024667
0.8847360354529554 0.11526396454704466
9.398172570214369e-224 1.0
9.029841459166636e-230 1.0
4.17940864660106e-210 1.0
2.386562618915116e-233 1.0
1.7359007093304013e-05 0.9999826409929067
2.555533655294321e-212 1.0
1.9207602896337356e-200 1.0
1.1237524031166665e-226 1.0
6.745273491106924e-215 1.0
1.9570919489843566e-234 1.0
0.9997836487905779 0.0002163512094221677
0.0001091759708744547 0.9998908240291255
0.7946643478327308 0.2053356521672693
0.9999999996509935 3.490064235617565e-10
1.0 3.23202486732992e-17
6.526587823522638e-11 0.999999999934734
1.0696492211572137e-13 0.999999999999893
0.5877370790613506 0.4122629209386494
0.21489325219218747 0.7851067478078125
0.012474772360963898 0.9875252276390362
7.647891290446926e-06 0.9999923521087096
0.9999999899795283 1.0020471773480644e-08
3.992735670750796e-206 1.0
1.0706922817186575e-223 1.0
5.419697869520683e-222 1.0
7.458340872822613e-210 1.0
1.0438236509051527e-198 1.0
2.0833955737030493e-207 1.0
2.111114815103801e-212 1.0
2.8211141881510207e-222 1.0
1.5602319675879996e-219 1.0
3.503695674273361e-200 1.0
0.9844429468208712 0.015557053179128798
0.9999999879792699 1.2020730037875128e-08
1.1542417808475459e-07 0.9999998845758219
3.140664912389289e-11 0.9999999999685932
4.346254025208983e-09 0.999999995653746
2.13639302106462e-220 1.0
1.0695919162754018e-199 1.0
6.363285771206881e-206 1.0
0.9999999999999999 7.562841633505857e-17
1.0279847569433038e-210 1.0
5.523720393184565e-226 1.0
3.3964162792452694e-219 1.0
0.9999999999996941 3.059186834527115e-13
0.2464765044322186 0.7535234955677813
5.314899710760184e-06 0.9999946851002892
1.0011735037034692e-235 1.0
2.2437660135228144e-224 1.0
