3.5267809718303915e-199 1.0
1.0432111188080556e-226 1.0
4.3508827598508524e-214 1.0
4.32890480081519e-233 1.0
2.8597333605106486e-220 1.0
1.0366426530241505e-215 1.0
0.874480128469485 0.12551987153051508
0.999999999999999 1.0096294451937157e-15
0.9999999980466445 1.9533555019400034e-09
0.0005330571758481466 0.9994669428241518
2.5246365851016005e-05 0.9999747536341489
0.9999999999996891 3.108617761636668e-13
7.169511864955561e-06 0.9999928304881349
0.9999614956877154 3.8504312284543334e-05
0.9999999999999604 3.9527926335140946e-14
1.0 1.2668359081096469e-18
1.409296809231981e-211 1.0
7.842644774986182e-222 1.0
2.1480566018673346e-220 1.0
2.2688669838849736e-229 1.0
0.9760344053351201 0.02396559466488001
1.6437140927286395e-16 0.9999999999999998
0.9999999865790941 1.3420905880254532e-08
8.72010971918785e-198 1.0
0.9999999999954452 4.55489769488447e-12
4.00557652957392e-11 0.9999999999599442
1.907053946991227e-13 0.9999999999998094
1.5794253779818277e-20 1.0
0.9999999999727947 2.720530012568594e-11
2.5242742342951594e-11 0.9999999999747572
1.8049040802920473e-12 0.999999999998195
0.20291630602548288 0.7970836939745171
1.9610551741511031e-202 1.0
3.953519553060792e-220 1.0
1.0 9.265695091393171e-18
7.685136955179857e-07 0.9999992314863045
0.00026663197353483345 0.9997333680264651
0.9999999996910606 3.089394726917091e-10
1.845812657889625e-17 1.0
0.9999999999999986 1.493462297069987e-15
6.197666119242499e-201 1.0
1.1374810885267488e-219 1.0
1.5390922888453352e-221 1.0
8.14502178533502e-18 1.0
6.934088172524748e-16 0.9999999999999992
5.806391124745568e-220 1.0
7.25562747358065e-206 1.0
1.6453601256950784e-197 1.0
1.216587589927422e-242 1.0
1.6048447402139782e-217 1.0
6.480947004587633e-216 1.0
4.118150190978186e-225 1.0
0.9999351387235421 6.486127645796457e-05
2.0703079645796807e-212 1.0
0.9999971163391486 2.883660851447644e-06
0.9999945147927841 5.485207215857087e-06
0.00044557548186518347 0.9995544245181348
6.396376101251509e-223 1.0
0.9999998563457905 1.4365420946075613e-07
0.39443846322964826 0.6055615367703516
9.172761286608705e-229 1.0
6.711237229682988e-17 1.0
4.982947954142081e-10 0.9999999995017052
0.9999999999999273 7.278352836285701e-14
9.806239509220777e-251 1.0
0.020120276484173246 0.9798797235158268
1.0 9.910782291797223e-17
6.42421649403779e-09 0.9999999935757835
6.443608212669961e-08 0.999999935563918
0.9999999999979271 2.072939071768773e-12
0.9999928423877349 7.157612265042235e-06
1.3595436950453582e-212 1.0
2.613041154311024e-188 1.0
4.530116696875947e-221 1.0
2.6593816594892976e-187 1.0
5.386969404296332e-228 1.0
1.29684686824026e-231 1.0
1.5690187069017007e-225 1.0
2.840851212194282e-201 1.0
2.250349573128976e-212 1.0
1.329078258141489e-211 1.0
0.00960512415904241 0.9903948758409576
8.1396982062392e-08 0.9999999186030181
0.999998848412661 1.1515873390606302e-06
0.9996107164205921 0.00038928357940788287
2.283480795843332e-09 0.9999999977165192
1.996402545118324e-219 1.0
7.731509869526989e-203 1.0
9.737355060413688e-236 1.0
8.034282716504245e-234 1.0
4.650036029789799e-204 1.0
6.487953814821422e-217 1.0
2.6482884656657386e-193 1.0
2.7767140664899793e-216 1.0
3.403719268522829e-212 1.0
4.26257522046195e-215 1.0
1.720157965040092e-06 0.9999982798420349
0.03912584016917873 0.9608741598308214
1.0 1.4086443068256465e-17
1.83715661598481e-235 1.0
3.311438457386839e-218 1.0
2.0982742618212418e-223 1.0
2.5988594618306272e-213 1.0
6.567697352660222e-208 1.0
2.245091405979451e-217 1.0
1.2215491715234954e-224 1.0
2.3607097338747863e-196 1.0
1.3415863156602494e-248 1.0
6.283272859670466e-222 1.0
3.676461202379812e-198 1.0
0.9999999999999961 3.8082495978499e-15
2.2687341340414547e-207 1.0
8.850590403233943e-190 1.0
2.6836424266859045e-196 1.0
0.9999999965934016 3.4065985377390295e-09
0.9999999999999998 2.6622538892122047e-16
0.9999999963293836 3.6706164764569844e-09
0.005019791528448308 0.9949802084715518
2.437454816539158e-20 1.0
2.1059595510123163e-16 0.9999999999999999
1.308218583343918e-233 1.0
3.2555331544959046e-214 1.0
4.872197896422346e-223 1.0
7.626297610231157e-221 1.0
1.2716957084227604e-05 0.9999872830429157
0.99999999945398 5.460199997713434e-10
0.3022672506899131 0.6977327493100869
1.7750478235101694e-14 0.9999999999999822
0.9999997715094512 2.2849054882594935e-07
1.0 4.636014637070029e-18
0.9999999978227745 2.1772255052237673e-09
0.003996339146253105 0.9960036608537469
0.9999988484392808 1.1515607192363491e-06
2.94791999434782e-227 1.0
1.6985093749336311e-230 1.0
4.336748308127836e-213 1.0
0.9988190713177058 0.0011809286822942473
0.9999999950145143 4.985485659632985e-09
1.3980900838725867e-05 0.9999860190991613
4.326642528271495e-233 1.0
1.118334355572587e-223 1.0
7.399245477862037e-231 1.0
3.7519176681837826e-07 0.9999996248082331
1.0616938677683723e-10 0.9999999998938306
0.00027501899759161676 0.9997249810024084
0.8533626867288198 0.14663731327118026
0.9999999999916864 8.313596616669365e-12
0.999999999987535 1.2465014391279265e-11
1.0 1.93338502564443e-17
2.6624655894430745e-209 1.0
3.502727559835783e-05 0.9999649727244017
7.947607910546323e-216 1.0
7.883742443469652e-199 1.0
7.495097084870641e-215 1.0
2.4302375364669064e-213 1.0
5.565025078072594e-216 1.0
1.0740752126986049e-230 1.0
3.6386644502796832e-227 1.0
1.4050821765389221e-205 1.0
8.92559173541434e-238 1.0
1.6095230274554637e-246 1.0
1.503171848921395e-220 1.0
2.981740718379955e-239 1.0
0.9999999999999726 2.739199557700549e-14
0.9999998459968943 1.5400310577201345e-07
2.7967963768807128e-09 0.9999999972032035
0.6572065389655194 0.3427934610344806
0.9999985075735887 1.4924264113541585e-06
1.0 3.306965052345139e-17
4.722207504591762e-13 0.9999999999995277
0.9999999999999993 6.143822423044882e-16
0.9999999999138289 8.617107871209066e-11
0.01245592852709657 0.9875440714729035
4.5937510523804365e-214 1.0
5.816435768971915e-217 1.0
7.893215721134676e-236 1.0
4.455445580777028e-202 1.0
3.492573576498414e-231 1.0
3.802440210811385e-231 1.0
2.2711677242039792e-215 1.0
2.0892235504925145e-216 1.0
1.302523130112585e-214 1.0
2.1217832225254385e-235 1.0
0.993542433959189 0.006457566040811032
0.0545048397162832 0.9454951602837167
0.0003891207810202866 0.9996108792189796
0.999999999971843 2.81570851689739e-11
8.502898153633747e-13 0.9999999999991497
2.003249151585231e-219 1.0
2.607433081582619e-199 1.0
4.4760092048909715e-206 1.0
0.9999999995215905 4.784096212556724e-10
3.035349137875437e-14 0.9999999999999696
0.14624764018490588 0.8537523598150941
0.8165733646449574 0.18342663535504256
1.0 2.5636943365408623e-21
0.9999999997508765 2.491234281027566e-10
4.510758217500099e-14 0.9999999999999549
0.6666654354342272 0.33333456456577276
0.9999999999999997 3.6181212874371423e-16
0.9999999999999784 2.1623753097874834e-14
6.3889023777335335e-201 1.0
8.076835583009333e-213 1.0
5.98104230402344e-215 1.0
0.9999999033653537 9.663464619465596e-08
3.032871466763884e-198 1.0
1.6538623869081833e-217 1.0
4.85130999940241e-239 1.0
1.8700698365859314e-203 1.0
7.298720589306174e-210 1.0
7.948248290061549e-200 1.0
4.0860452537803133e-237 1.0
2.3481436725853725e-229 1.0
2.0822772153529053e-217 1.0
2.132530823982323e-208 1.0
4.1020445526948844e-226 1.0
6.10792976120165e-201 1.0
5.173759551506517e-07 0.9999994826240448
0.9999258140836503 7.418591634974197e-05
0.7907964159758872 0.20920358402411274
0.0034809872650621177 0.9965190127349379
0.9999999999140481 8.59519575447517e-11
4.0402238966192626e-07 0.9999995959776102
0.9999998041817212 1.95818278705313e-07
8.38261046244056e-242 1.0
9.170064382446725e-230 1.0
1.7062065439426985e-210 1.0
1.4145023977708821e-195 1.0
2.1625174606024126e-186 1.0
1.9309454876953694e-213 1.0
4.257501271795944e-217 1.0
3.579743116593374e-236 1.0
2.6296293779897488e-222 1.0
5.4198608454327744e-236 1.0
4.0519432448964375e-211 1.0
5.292932666001712e-215 1.0
0.792523075541086 0.20747692445891402
0.999998005378116 1.9946218839919046e-06
1.3085260408029141e-214 1.0
6.711703227915297e-218 1.0
5.237641034154086e-218 1.0
9.385238025416201e-203 1.0
0.04768470299203882 0.9523152970079611
2.757307060369259e-14 0.9999999999999725
2.6831186995768533e-16 0.9999999999999997
6.873789116865896e-08 0.9999999312621088
0.9999999999903719 9.628074380530871e-12
0.9999999894732376 1.052676244698137e-08
1.948375175090884e-11 0.9999999999805161
0.9999999999999797 2.0279879280672238e-14
0.03827532503531482 0.9617246749646852
0.9802134826142063 0.0197865173857937
0.9947503189592741 0.005249681040725782
0.2540902320418201 0.7459097679581799
0.9998342242976556 0.0001657757023444961
0.9999999999975911 2.40884703393373e-12
1.0 6.509916888297793e-22
0.9999999999945041 5.495889082050706e-12
0.9998242406465753 0.00017575935342477487
0.9999998404594023 1.5954059761389545e-07
0.9864309832064173 0.013569016793582732
4.4201627635616e-17 1.0
1.2860766372002228e-06 0.9999987139233628
0.9999999841159123 1.5884087850550708e-08
2.808764675078372e-229 1.0
0.02345822937598353 0.9765417706240164
0.9999999999999909 9.08895024058167e-15
0.9999999896146832 1.038531691135641e-08
6.668131548534943e-220 1.0
2.3658095993288843e-214 1.0
0.014990837088416342 0.9850091629115837
3.3272478261331715e-09 0.9999999966727522
7.294722555521724e-05 0.9999270527744448
8.921095367215333e-11 0.9999999999107891
0.9999999573285161 4.267148388360043e-08
0.9999978115197714 2.1884802285868907e-06
0.975528196421914 0.02447180357808588
1.0801020469916278e-15 0.999999999999999
1.811864603509411e-08 0.999999981881354
3.3627300904762755e-09 0.99999999663727
0.33344142696285894 0.6665585730371411
0.02155054813861045 0.9784494518613895
0.0005879915457247498 0.9994120084542754
0.9999999999999973 2.7516151035883622e-15
3.627934117246156e-07 0.9999996372065882
5.69387511715056e-198 1.0
8.284008244939131e-10 0.9999999991715992
8.757123572341149e-17 0.9999999999999999
6.416159841535717e-10 0.999999999358384
0.006559564557767851 0.9934404354422322
1.4021427220871118e-225 1.0
3.054505454447814e-225 1.0
9.136950691282424e-239 1.0
3.272641420849275e-221 1.0
0.004366319350227485 0.9956336806497724
0.999999999999997 2.8999180741104094e-15
1.3536885441155066e-223 1.0
1.5283349311169212e-214 1.0
2.4760433739922752e-15 0.9999999999999974
8.837955866670423e-226 1.0
1.4015919629442351e-241 1.0
1.1676667151453078e-221 1.0
8.02840154089479e-240 1.0
2.811492351204163e-208 1.0
1.225718427544428e-231 1.0
1.968383851474593e-245 1.0
1.1830338446577434e-227 1.0
2.892948349396698e-220 1.0
3.716969144479221e-209 1.0
1.5438727427038557e-228 1.0
8.030726541618e-242 1.0
0.9964027371027596 0.003597262897240465
2.9610692652623163e-232 1.0
9.333745658197984e-210 1.0
7.445107784595636e-191 1.0
7.749930833655554e-220 1.0
4.0635416094549103e-237 1.0
1.2618151831667277e-195 1.0
3.758614821019601e-232 1.0
6.1052519680483505e-238 1.0
2.52841517867683e-214 1.0
2.0213047546379194e-210 1.0
4.503085845863705e-214 1.0
0.9999999996449882 3.550117833168698e-10
0.6819121225946891 0.31808787740531086
2.437739267142775e-06 0.9999975622607329
9.822178200701055e-05 0.999901778217993
1.2269694391138423e-231 1.0
3.0623424089218776e-222 1.0
0.00015209914007560787 0.9998479008599244
9.94232740288675e-13 0.9999999999990058
0.0009011838898188005 0.9990988161101813
0.01580669414060607 0.9841933058593939
3.4288178192833223e-19 1.0
1.0485247124678912e-05 0.9999895147528753
3.846661209197829e-05 0.9999615333879082
0.9476846838785582 0.052315316121441725
9.537133742891583e-05 0.999904628662571
0.9422531550804554 0.05774684491954461
0.9999999999999459 5.410008412256089e-14
0.9999999999999419 5.80136417091382e-14
2.207517750460554e-225 1.0
5.891905620534109e-197 1.0
1.3475634582386095e-209 1.0
1.0 2.2940197108687182e-17
0.9999999999960905 3.909520424975895e-12
2.4333194655982143e-06 0.9999975666805344
1.0 3.62285281339896e-17
1.1278482987625939e-239 1.0
2.784857207232817e-214 1.0
2.10838592691003e-05 0.999978916140731
5.238088388025201e-211 1.0
0.9999999996851894 3.1481054604257867e-10
0.9881092457332781 0.011890754266721947
4.390277313956673e-208 1.0
3.5550489108467046e-194 1.0
0.9763828923660195 0.02361710763398053
1.0 3.004137173308628e-17
0.9999999999975511 2.4489675719873505e-12
0.0007563044574392724 0.9992436955425607
2.3859756725402216e-09 0.9999999976140244
0.8744518476145261 0.12554815238547404
3.7716126916358045e-07 0.9999996228387308
7.796687725949629e-15 0.9999999999999922
0.9999999999999638 3.619017702853963e-14
5.126109508322779e-11 0.9999999999487389
1.5121154082578115e-05 0.9999848788459174
0.97223023672606 0.027769763273939953
0.9999999983200273 1.679972744055163e-09
3.004612920005914e-23 1.0
1.68576795479723e-204 1.0
2.634987345953374e-223 1.0
6.990044945370764e-224 1.0
4.666691357696317e-227 1.0
5.282503389988465e-208 1.0
7.360628132770887e-215 1.0
7.835324893729801e-230 1.0
1.0 1.7423374489543997e-17
0.0013683416361475046 0.9986316583638526
0.9999999098636976 9.013630247430173e-08
9.964996236162792e-216 1.0
1.7839728023486314e-227 1.0
0.9999999991377704 8.622297134272783e-10
0.9999999990290359 9.709640611312286e-10
1.836627613010724e-18 1.0
1.81371896172989e-207 1.0
1.3281888060640831e-05 0.9999867181119393
4.077720379451487e-21 1.0
8.757332154912206e-08 0.9999999124266784
0.9953781833790953 0.004621816620904683
0.9999999994880054 5.119946421202414e-10
5.6657929304435836e-05 0.9999433420706957
0.9999999999935811 6.418954031255443e-12
2.5729767046192314e-211 1.0
1.032582174725716e-228 1.0
5.015718781294328e-217 1.0
4.734564680038467e-218 1.0
8.055417240956471e-222 1.0
7.499583699646912e-12 0.9999999999925003
4.82426387014127e-07 0.9999995175736129
8.036685864458519e-15 0.999999999999992
7.678633750018047e-197 1.0
3.8338846063208735e-05 0.9999616611539368
0.7309365921145167 0.26906340788548333
0.0001452132941717943 0.9998547867058282
2.6425548496466346e-204 1.0
1.3721575911286086e-208 1.0
0.9969662857047814 0.0030337142952186905
0.9999999977200522 2.2799478693328677e-09
0.9999999999884408 1.1559247795627205e-11
0.9999627942200925 3.7205779907381e-05
3.3397225783182474e-215 1.0
3.63729834515738e-212 1.0
1.99090992458168e-217 1.0
3.164939594219867e-211 1.0
2.715229616257745e-203 1.0
1.7364956161597485e-199 1.0
0.9988285840806105 0.0011714159193896095
3.4375589341596756e-10 0.9999999996562441
0.9999999993404429 6.595570026319296e-10
3.8438660130560295e-16 0.9999999999999996
1.6886587431741965e-209 1.0
1.6856091922376905e-232 1.0
8.862598096349071e-13 0.9999999999991137
4.590314126616452e-13 0.9999999999995409
0.001384924505625136 0.9986150754943749
0.9999999999996121 3.879203876621376e-13
0.9999999999837799 1.622002717257125e-11
2.8186635269250653e-07 0.9999997181336472
1.0 3.3349825849289757e-28
0.9999997620802568 2.379197432368155e-07
0.14054757404204904 0.8594524259579509
0.9603172741019576 0.039682725898042524
0.9999978481788465 2.151821153432708e-06
3.9985701359683916e-07 0.9999996001429864
0.9999986195962435 1.3804037566162574e-06
0.9999999992804207 7.195792793134941e-10
3.5419573239414264e-14 0.9999999999999646
0.9592809076102005 0.04071909238979954
5.17121610154622e-223 1.0
1.679321030074378e-220 1.0
7.779345458644781e-214 1.0
5.262616723118028e-213 1.0
2.274455675147329e-232 1.0
3.600129024477697e-21 1.0
0.9999999646342789 3.5365721133975745e-08
0.9999999471481574 5.285184261447708e-08
0.9881517846397904 0.011848215360209626
0.9999999999999383 6.18386553102782e-14
1.04307176332366e-07 0.9999998956928237
8.735631554520071e-09 0.9999999912643686
9.514940455173132e-16 0.9999999999999991
1.8002564464275432e-215 1.0
0.8840387155650449 0.11596128443495503
2.2712730468332018e-11 0.9999999999772873
0.00012479754857659474 0.9998752024514234
6.523599664300667e-227 1.0
1.4107621019279722e-224 1.0
1.1227895307036357e-221 1.0
1.317094323222134e-205 1.0
3.281692509870704e-225 1.0
3.0909812268016545e-232 1.0
5.462834273473527e-221 1.0
1.0108253955907075e-205 1.0
1.6440239625886374e-202 1.0
0.7209882480707486 0.2790117519292514
9.798609078546966e-07 0.9999990201390923
0.9848821489179619 0.01511785108203815
0.9817272831398006 0.01827271686019934
0.999263531546964 0.0007364684530359928
0.8921342805371971 0.10786571946280281
0.0002542708401911239 0.999745729159809
0.9999980630055969 1.9369944031002895e-06
0.9999999999999171 8.301908239948658e-14
1.4917372685236647e-206 1.0
8.607072216493049e-231 1.0
2.313482416441164e-216 1.0
0.670684380538805 0.3293156194611951
1.47422629166177e-07 0.9999998525773709
0.0012584648067220563 0.9987415351932779
0.999999999995007 4.992982359282369e-12
1.0 1.4510790494986527e-20
1.4642089781631312e-215 1.0
1.757870978076207e-229 1.0
1.4091496205144278e-232 1.0
4.846728335598347e-27 1.0
5.991267816976863e-230 1.0
6.572841576175085e-225 1.0
0.00018939882087775603 0.9998106011791221
0.9999951183206583 4.881679341581933e-06
0.9999999997687319 2.3126805690412072e-10
0.4408600339337114 0.5591399660662886
1.9498320889285494e-12 0.9999999999980501
1.101835942153705e-07 0.9999998898164058
1.3869163129732655e-18 1.0
8.143602470464923e-06 0.9999918563975295
2.839423016239693e-12 0.9999999999971605
0.999988467582269 1.1532417731033525e-05
5.0427885099591915e-20 1.0
2.412530660224618e-05 0.9999758746933977
1.0 3.28864814068851e-18
0.12566560281264028 0.8743343971873597
0.455938103787347 0.544061896212653
0.9999999986507557 1.3492441852537057e-09
3.123130119987969e-220 1.0
2.580585164962405e-06 0.9999974194148351
1.9100472747310134e-17 1.0
2.1870004155589986e-13 0.9999999999997814
9.113158038368518e-08 0.9999999088684196
0.9999999999986928 1.307112722340195e-12
0.013674848413252002 0.9863251515867479
1.0230818626796013e-227 1.0
5.590216516418683e-242 1.0
4.2326391817343356e-197 1.0
5.359231258384796e-217 1.0
5.801797468139356e-210 1.0
2.667465099203295e-13 0.9999999999997332
1.1118122632203897e-219 1.0
6.575503752077968e-195 1.0
3.7640106457650703e-199 1.0
6.041595870643564e-214 1.0
8.00149097976898e-220 1.0
1.8601650503912383e-218 1.0
2.6219217849540604e-221 1.0
1.5085557051775735e-251 1.0
5.3215147008651466e-198 1.0
6.302434881806432e-210 1.0
3.2537898890728286e-221 1.0
2.624393034208615e-217 1.0
2.2882973361745546e-225 1.0
7.17207392813831e-225 1.0
2.0897293263650658e-212 1.0
6.782852437461346e-217 1.0
1.0 8.962274958728588e-21
0.9999993530614533 6.469385466367352e-07
0.9999999917713795 8.228620323030846e-09
1.0596135237894082e-15 0.999999999999999
4.82319814342878e-13 0.9999999999995177
3.785336631355009e-242 1.0
7.122934481289998e-212 1.0
2.940456956069927e-218 1.0
3.5339728891701706e-226 1.0
3.5677488062047425e-204 1.0
3.222891976468271e-213 1.0
2.015361192949115e-208 1.0
0.36486023488622443 0.6351397651137755
1.3893166577428142e-15 0.9999999999999987
0.9999999992283185 7.716815119583412e-10
0.6965182905057483 0.30348170949425174
2.7434952100012323e-13 0.9999999999997257
6.349294168848879e-224 1.0
2.830338352874881e-217 1.0
1.050699270193362e-06 0.9999989493007299
2.0143112864548884e-05 0.9999798568871354
0.011221894304509606 0.9887781056954903
0.9939263415182918 0.006073658481708227
0.999998981180866 1.018819134031046e-06
3.545737477103328e-192 1.0
7.935093357529363e-230 1.0
1.779402968551405e-205 1.0
6.4817962972294154e-226 1.0
2.3274177753552394e-223 1.0
1.0950307549689148e-217 1.0
2.6889354843779058e-226 1.0
1.193916095683623e-235 1.0
4.581567086448069e-229 1.0
5.683267878561205e-15 0.9999999999999943
7.158213876597326e-198 1.0
4.4092242799496795e-232 1.0
3.0649432505587536e-214 1.0
4.229121332595238e-227 1.0
1.3819331120691423e-226 1.0
1.9017139597527277e-211 1.0
1.0171502233843556e-217 1.0
6.847653300627125e-241 1.0
5.79566400259851e-222 1.0
8.242437775178567e-216 1.0
1.1639773313680385e-224 1.0
2.6144132308567006e-223 1.0
2.245453985175237e-234 1.0
1.7755094447902202e-203 1.0
1.5369287138199643e-241 1.0
0.0006070945313769883 0.999392905468623
8.751702200218163e-09 0.9999999912482977
1.0 1.5305061469008832e-22
1.0 6.290651827219607e-20
2.62241463227667e-215 1.0
4.620961108763386e-208 1.0
0.9999999998815099 1.184900576986383e-10
3.390059628696526e-08 0.9999999660994037
0.9999874818934428 1.2518106557306662e-05
3.269849233890232e-06 0.9999967301507662
0.7440908630283353 0.2559091369716648
0.9999999999929723 7.027818096570131e-12
2.8695274664869447e-18 1.0
0.9999999999935267 6.47315084415067e-12
4.289590435163672e-06 0.9999957104095649
2.5989327014719406e-05 0.9999740106729853
4.0998488137190905e-13 0.9999999999995901
0.9999829617970586 1.703820294136495e-05
0.9999999995040512 4.959489081616327e-10
8.547893829789079e-11 0.9999999999145212
2.4559432624103946e-19 1.0
0.0009216560161228337 0.9990783439838772
3.573443139063996e-20 1.0
5.810502511803281e-218 1.0
4.7840258537114485e-205 1.0
0.6794104317755018 0.32058956822449836
0.25719302814745876 0.7428069718525413
0.0008371562948820431 0.999162843705118
1.7860401077088182e-240 1.0
7.119204571301959e-206 1.0
7.728149612386594e-217 1.0
2.541178125381886e-215 1.0
3.394754653372827e-16 0.9999999999999996
0.9984791624304273 0.0015208375695727574
3.571171995987938e-13 0.999999999999643
9.13099443577387e-211 1.0
4.682973379391186e-221 1.0
2.5816360807962818e-210 1.0
3.412351363690954e-213 1.0
1.6237415540892581e-10 0.9999999998376259
0.5730638416035236 0.42693615839647636
0.9999999981309033 1.8690965995214887e-09
0.9999999980586287 1.941371335690189e-09
1.0 1.4501952735244983e-20
0.9999167939124044 8.320608759552375e-05
3.6076984209822106e-227 1.0
3.4618634284690165e-222 1.0
5.003112893416563e-215 1.0
3.762067617083066e-217 1.0
1.1932372901861691e-233 1.0
1.2751337712213046e-239 1.0
7.424760934183657e-16 0.9999999999999992
0.15600081766344936 0.8439991823365506
0.9999998576298248 1.4237017517506548e-07
0.0004881897588846266 0.9995118102411155
0.9866503113899617 0.013349688610038352
0.9999999999923873 7.612674174475152e-12
0.003730450394645459 0.9962695496053545
2.1222248736181213e-05 0.9999787777512639
8.862918676549047e-06 0.9999911370813235
0.0009068648899640763 0.9990931351100358
5.43074790268151e-06 0.9999945692520974
0.9999999993274401 6.725598290734509e-10
0.9999988916486359 1.1083513641894152e-06
0.9999999999730881 2.6911959067303868e-11
0.9999999999997169 2.831254876808518e-13
0.9999993622847907 6.377152092389666e-07
0.9999999999999923 7.643020222456374e-15
0.9955450045766039 0.004454995423396196
8.324812310436264e-204 1.0
7.433994923114891e-203 1.0
5.0209341492039525e-239 1.0
2.0479412713826677e-205 1.0
0.9996385411658928 0.00036145883410723624
1.0648035410073975e-201 1.0
2.7860563597993115e-226 1.0
0.9999999993053585 6.946414116855171e-10
0.9999999999999875 1.2619870020309373e-14
0.9999260948045331 7.390519546696265e-05
0.9994268994082489 0.0005731005917511894
5.6515168814170675e-205 1.0
5.945303195183589e-207 1.0
3.280074548735166e-238 1.0
1.1548416523299244e-205 1.0
5.215080862564521e-213 1.0
2.76322015430246e-194 1.0
1.9667211031045096e-228 1.0
1.2240670922841674e-236 1.0
9.04027585699625e-225 1.0
6.936390097318646e-209 1.0
5.0759880747632685e-192 1.0
0.002466804912445155 0.9975331950875549
0.9999999999944946 5.5053058707368995e-12
4.217291847151495e-218 1.0
1.2393993599585531e-232 1.0
2.6467597561527815e-245 1.0
0.002092413108493309 0.9979075868915067
9.467221107595763e-06 0.9999905327788924
1.1044392467144483e-227 1.0
1.127979233252459e-224 1.0
0.9999995109823766 4.890176233419068e-07
1.0 9.77774671283486e-21
1.867290344305388e-203 1.0
1.2613618380556086e-213 1.0
6.742112686676657e-223 1.0
7.625025060378405e-225 1.0
1.4368242819539676e-207 1.0
0.9999999999999855 1.449956624443157e-14
0.9869594088138403 0.01304059118615971
8.174015169803617e-05 0.9999182598483018
0.9999999999963516 3.6483891609657265e-12
0.9999991853370285 8.146629715787437e-07
4.188662674094616e-09 0.9999999958113373
0.9999995641525851 4.3584741486494353e-07
1.0 4.876568386985889e-21
3.581213032655563e-17 1.0
5.0412576110718755e-229 1.0
4.1239274762224835e-225 1.0
2.0468358135714737e-236 1.0
1.2182131527661746e-218 1.0
1.3390199421238994e-218 1.0
0.08792445866287671 0.9120755413371233
0.9999999998643138 1.3568624859703483e-10
0.9999999999999988 1.298886251734874e-15
0.999995589958609 4.410041390802043e-06
2.175926305707253e-19 1.0
2.951243610417513e-16 0.9999999999999998
0.9977501076091598 0.00224989239084005
1.610532909057791e-06 0.999998389467091
4.893702973353353e-08 0.9999999510629702
1.7845658194251377e-213 1.0
0.9999962134715813 3.7865284186285696e-06
0.11414363927169875 0.8858563607283012
0.9987014357126944 0.0012985642873056416
0.9999999999989366 1.0634113889912968e-12
1.4979006686048863e-06 0.9999985020993314
5.362663836896507e-06 0.999994637336163
0.9825347414926208 0.017465258507379327
0.9997029334974272 0.00029706650257284816
0.783947179661735 0.21605282033826506
5.753673587713494e-202 1.0
2.678332219046909e-218 1.0
0.9999572455308133 4.2754469186610175e-05
2.1805470726702575e-213 1.0
6.359462701896143e-07 0.9999993640537297
0.9521360039295192 0.04786399607048068
0.9999999983429705 1.6570294340788884e-09
1.07569241169918e-07 0.9999998924307589
3.9622858299418225e-27 1.0
0.9087720185371057 0.09122798146289432
0.9996279662522164 0.00037203374778357044
0.9999814500054003 1.8549994599696857e-05
1.1205155144443176e-232 1.0
1.6105203564762666e-221 1.0
1.697004564117861e-195 1.0
0.9999327590629989 6.724093700097506e-05
0.05295157693819456 0.9470484230618054
0.9999808961817983 1.9103818201746393e-05
1.2332429417046643e-12 0.9999999999987667
0.9998682865228682 0.00013171347713187109
0.004429369518679527 0.9955706304813204
0.004313462979669488 0.9956865370203306
1.6954448664955564e-05 0.9999830455513351
1.0 1.5464017228918874e-24
0.9267470856140587 0.0732529143859414
0.919845132668646 0.08015486733135392
0.9999868178518247 1.318214817522752e-05
0.999999999999997 3.043388779219059e-15
0.9999999995869927 4.130072807016096e-10
0.9999999999999962 3.84198423583535e-15
0.9999999999997206 2.793642588980698e-13
4.208963678000121e-200 1.0
1.960006833583235e-17 1.0
1.7572194122932584e-08 0.9999999824278059
2.8860870443825244e-191 1.0
0.24932883548488582 0.7506711645151141
2.5992562701699437e-211 1.0
8.938945783712675e-208 1.0
8.027287333867451e-245 1.0
0.0004046376537363042 0.9995953623462637
0.057173744779481415 0.9428262552205185
0.9999999994989234 5.010765275610703e-10
1.1565167284582048e-218 1.0
2.7103410140760244e-213 1.0
1.224495323524437e-202 1.0
1.912112051569108e-206 1.0
1.4716869305946735e-234 1.0
6.200066159239428e-206 1.0
1.0211860339431596e-196 1.0
1.5600522154767798e-204 1.0
0.7442442498161158 0.25575575018388413
1.0 4.7708651404103593e-20
2.936782464295501e-200 1.0
7.450286795917133e-185 1.0
1.7164195905298709e-06 0.9999982835804095
0.9999999999999957 4.364106852992967e-15
0.9999999999999999 1.6416368604065305e-16
0.9658492207461444 0.034150779253855526
0.9999395712985394 6.042870146067644e-05
1.0 5.702614198952011e-30
0.4727605447490511 0.527239455250949
0.9999999999999992 7.317588071917812e-16
0.9999807419584034 1.9258041596747945e-05
8.922268995133571e-212 1.0
1.6733620625307523e-227 1.0
0.6352708763169086 0.36472912368309146
1.05979704427832e-12 0.9999999999989403
8.529028615182295e-215 1.0
1.0994547247385297e-222 1.0
0.9999999999765184 2.348155750632149e-11
9.23546470960198e-13 0.9999999999990765
1.0 2.297560224331858e-17
0.018365539238307946 0.9816344607616921
0.9806136480167694 0.019386351983230545
0.006894155853346948 0.9931058441466531
0.9999999202693816 7.973061844650043e-08
7.044965397258546e-210 1.0
1.892252602675709e-222 1.0
5.0238852105555617e-231 1.0
0.9976417619971748 0.002358238002825127
0.997353956176809 0.0026460438231909822
0.9999902614215791 9.738578420905413e-06
0.05140782396015753 0.9485921760398425
2.3561784193261572e-18 1.0
0.6535708493022623 0.3464291506977378
0.685930521381887 0.3140694786181131
1.0 2.666736242376425e-18
1.09581239624319e-21 1.0
0.00313001627078193 0.9968699837292181
7.178347105702379e-11 0.9999999999282165
1.366641198350933e-06 0.9999986333588017
0.9999999999985456 1.4544261463846445e-12
2.6495188154327235e-05 0.9999735048118457
1.2488855209700433e-19 1.0
0.6187413812089905 0.3812586187910096
2.665847544767059e-215 1.0
5.512382202519799e-208 1.0
3.955385588841432e-234 1.0
3.63824995480436e-201 1.0
8.48955722505578e-213 1.0
1.6379244584140785e-225 1.0
4.340505601373047e-206 1.0
1.1686726548564272e-228 1.0
7.762325315835298e-06 0.9999922376746841
0.9999999669696451 3.303035490549163e-08
1.0 2.807299562489595e-19
2.413446582217677e-08 0.9999999758655342
1.100214183562334e-07 0.9999998899785816
0.9999025812620685 9.741873793156852e-05
1.3240529226605058e-230 1.0
1.0132970443204594e-221 1.0
3.218277327060159e-204 1.0
1.2932743430996738e-211 1.0
0.9999999999985225 1.477514773718253e-12
0.9809471475655891 0.019052852434410905
0.9999999999999686 3.136042342820078e-14
0.25510439676384455 0.7448956032361554
0.9998787274265822 0.00012127257341769061
1.1430756979318193e-15 0.9999999999999988
1.0555793262796121e-12 0.9999999999989444
1.3706371329619798e-06 0.9999986293628671
0.9999963522822792 3.6477177207204516e-06
5.283722713426896e-13 0.9999999999994716
0.9999999999999777 2.228629326463558e-14
0.9999999968515426 3.1484573591424713e-09
9.837251492377384e-11 0.9999999999016275
1.2163840834549714e-251 1.0
1.957902214528217e-217 1.0
8.078045342211917e-220 1.0
7.004259494063693e-242 1.0
7.003142381708469e-208 1.0
5.160302424533813e-219 1.0
7.345930328412771e-212 1.0
3.158259305631794e-215 1.0
2.6843830030818118e-217 1.0
4.908721879872087e-214 1.0
5.270350256913887e-208 1.0
9.387275530767517e-238 1.0
2.330627229505944e-212 1.0
9.932701765576375e-210 1.0
7.695165679185772e-213 1.0
1.6904694024278137e-195 1.0
3.102724484188304e-223 1.0
0.9942930557721577 0.005706944227842342
5.159434597456068e-15 0.9999999999999948
5.1807529422449743e-08 0.9999999481924705
0.5592741610593361 0.44072583894066397
0.9999938479854876 6.1520145123414515e-06
5.115179742366562e-224 1.0
2.3600815058379397e-207 1.0
5.390221779138922e-256 1.0
2.776818912848036e-224 1.0
1.4619599916801822e-209 1.0
5.2439227656566554e-229 1.0
3.2732104530864796e-230 1.0
1.8276297206358745e-198 1.0
1.5334856681487633e-222 1.0
2.4970408483317074e-208 1.0
6.478889617437365e-213 1.0
8.423756362827808e-220 1.0
6.362179738655968e-227 1.0
1.0 1.1057194154451528e-18
6.3644331196688735e-15 0.9999999999999936
0.999999999999812 1.8794971538060434e-13
0.9999837773177167 1.622268228339499e-05
0.8642167123119134 0.13578328768808645
0.0410688517993898 0.9589311482006102
7.489895094472458e-12 0.9999999999925101
3.7303517795079776e-222 1.0
9.426166216549442e-231 1.0
6.915055410537648e-235 1.0
2.200668033039201e-202 1.0
2.5463344967084208e-204 1.0
0.9999891454806304 1.085451936945293e-05
0.005515368413214645 0.9944846315867855
8.060350840894285e-212 1.0
1.3649384445635873e-06 0.9999986350615555
0.0025105821363924537 0.9974894178636075
0.9999999999994608 5.392764102042611e-13
0.0038117614683315267 0.9961882385316684
0.9993019677242917 0.0006980322757082314
1.6166166157303597e-12 0.9999999999983834
1.2194706949237474e-207 1.0
0.7917446571634228 0.20825534283657715
2.5156136738306012e-09 0.9999999974843863
0.9998567258263763 0.00014327417362362498
0.9999997783864736 2.216135264652133e-07
1.6301308662450649e-09 0.9999999983698692
0.10789736676012872 0.8921026332398713
0.010056411125214774 0.9899435888747853
0.9986120196140624 0.0013879803859376423
0.0029216862121210093 0.9970783137878789
0.0646259263438403 0.9353740736561597
3.23144217711861e-227 1.0
7.103864741197314e-216 1.0
4.5006095700312585e-233 1.0
3.3662049590899697e-226 1.0
2.607093554001362e-211 1.0
0.27151035785239613 0.7284896421476039
0.42507497214929324 0.5749250278507068
0.23661887849677113 0.7633811215032288
0.5017131001756244 0.49828689982437563
1.5975956946765574e-08 0.9999999840240431
1.1299529703360406e-213 1.0
4.236097155150623e-225 1.0
3.154072172464079e-241 1.0
1.5535728375836105e-234 1.0
4.0990664577136715e-239 1.0
1.911826413428552e-223 1.0
4.3802087704411895e-236 1.0
0.6678309476420519 0.3321690523579482
1.3222081684249852e-13 0.9999999999998679
1.0 5.267708930465054e-30
0.9999980473632195 1.9526367804273736e-06
0.9882647042744801 0.011735295725519885
0.9996444571627142 0.00035554283728574766
0.999970749664406 2.9250335594041637e-05
0.9999999995274408 4.725592097299143e-10
0.9998248252748315 0.00017517472516855067
1.2540613842546823e-07 0.9999998745938616
0.9999999999988176 1.1823730433672105e-12
9.195181729306972e-18 1.0
0.9789276863669139 0.02107231363308611
0.9999611893206984 3.881067930154246e-05
0.9999999999999947 5.3413490082745814e-15
0.999405721328236 0.0005942786717639872
0.999929577902951 7.042209704887085e-05
1.999888179879013e-05 0.9999800011182013
0.7189889920696845 0.28101100793031564
3.1327241900714564e-224 1.0
3.0099471530555445e-230 1.0
1.3931362155336866e-210 1.0
7.956129370536445e-234 1.0
5.786402661904572e-06 0.9999942135973382
8.518445517647735e-213 1.0
6.4025342987791185e-201 1.0
3.745841343722221e-227 1.0
2.2484244970356408e-215 1.0
1.3691184869401082e-233 1.0
0.9993516829783753 0.0006483170216247971
0.0007378389034356671 0.9992621610965643
0.9644008065925247 0.03559919340747537
0.999999999950142 4.985806052373741e-11
1.0 9.696074601788865e-17
2.175529274615317e-11 0.9999999999782446
3.0135919671168553e-13 0.9999999999996987
0.37260470640903237 0.6273952935909676
0.08601603647417497 0.913983963525825
0.004197254347023914 0.9958027456529761
5.3532781023084404e-05 0.999946467218977
0.9999999699385853 3.006141471798282e-08
1.3309118902502653e-206 1.0
3.5689742723955245e-224 1.0
1.806565956506894e-222 1.0
2.486113624274204e-210 1.0
3.479412169683842e-199 1.0
6.944651912343497e-208 1.0
7.037049383679335e-213 1.0
9.4037139605034e-223 1.0
5.200773225293332e-220 1.0
2.44732565071944e-199 1.0
0.9977475264287886 0.0022524735712113313
0.9999999639378122 3.606218792522537e-08
3.847472899691658e-08 0.9999999615252709
1.0468883344852992e-11 0.9999999999895312
1.4487513459340886e-09 0.9999999985512487
7.121310070215399e-221 1.0
3.565306387584672e-200 1.0
4.454300039844814e-205 1.0
0.9999999999999998 2.268852490051757e-16
3.426615856477678e-211 1.0
1.841240131061521e-226 1.0
2.377491395469805e-218 1.0
0.9999999999991682 8.31823898596937e-13
0.0983145350156148 0.9016854649843852
1.771639514310956e-06 0.9999982283604858
3.3372450123448973e-236 1.0
2.2437660135228144e-224 1.0
